2216371	1	6	10496562	1	327158	6	13605	C354E617-35BF-436A-8C5F-E7F7AB40457E	2018-09-18
3234924	1	20	10595814	1	147951	20	5247	8E1C0C32-C09A-4AAB-B70C-D06F66450A8B	2018-09-17
377289	1	28	5788368	1	65607	28	2540	B52E3E78-98EC-486F-A7EF-ECC46F607046	2018-09-17
25148755	1	28	45103687	1	336780	28	2533	BD84A56E-389B-41CD-AEC2-F4D4CCC03EF8	2018-09-06
25148755	1	28	45103687	1	336780	28	2534	5068F48B-6508-4679-9D60-80BEEDD6C7C5	2018-09-06
25148755	1	28	45103687	1	336780	28	2535	841624EA-33DE-44AC-A65F-23CFB8F993E7	2018-09-06
25148755	1	28	45103687	1	336780	28	2536	3DC1B309-CB79-4678-B3F8-360EE7A8AD7A	2018-09-06
37169388	1	17	45401131	1	1876240	17	12828	260453AD-406F-4906-8F3A-0395A35D3126	2018-09-18
1225709	1	3	7930274	1	1519526	3	28757	DE019D72-312F-4055-A06A-E4798C3274BC	2018-09-17
37922536	1	3	45082697	1	1798887	3	28741	12345678-4321-8765-9087-109876541111	2018-09-05
37921030	1	3	45080880	1	1798663	3	28733	12345678-4321-8765-9087-109876541111	2018-09-05
37922497	1	1	45082642	1	1798883	3	28738	12345678-4321-8765-9087-109876542222	2018-09-05
37922498	1	3	45082647	1	1798884	3	28739	12345678-4321-8765-9087-109876541111	2018-09-05
37921010	1	1	45080856	1	1798657	3	28731	12345678-4321-8765-9087-109876542222	2018-09-05
37922481	1	1	45082613	1	1798880	3	28735	12345678-4321-8765-9087-109876542222	2018-09-05
38157013	1	1	45309878	1	45309878	1	12322340	1164E1EE-5D86-46D1-A02D-7678973B7ADC	2018-09-13
38088410	1	1	45244734	1	45244734	1	12322211	0E8C39F9-5473-445B-AFA4-A229942F9E86	2018-09-11
38124995	1	1	45279462	1	45279462	1	12322304	0E8C39F9-5473-445B-AFA4-A229942F9E86	2018-09-12
37917133	1	1	45077089	1	45077089	1	12321756	0E8C39F9-5473-445B-AFA4-A229942F9E86	2018-09-05
38066384	1	1	45222703	1	45222703	1	12322114	29EB170B-6374-4FF5-8963-A70813368126	2018-09-10
37929219	1	1	45089709	1	45089709	1	12321937	0E8C39F9-5473-445B-AFA4-A229942F9E86	2018-09-05
37921124	1	1	45080982	1	45080982	1	12321817	720975FE-B865-4FCA-BFB6-F144E8A2F300	2018-09-05
37922553	1	1	45082705	1	45082705	1	12321862	12345678-4321-8765-9087-109876541111	2018-09-05
37935683	1	1	45096142	1	45096142	1	12321956	0E8C39F9-5473-445B-AFA4-A229942F9E86	2018-09-05
37935684	1	1	45096143	1	45096143	1	12321957	1164E1EE-5D86-46D1-A02D-7678973B7ADC	2018-09-05
37912167	1	1	45072328	1	45072328	1	12321741	0E8C39F9-5473-445B-AFA4-A229942F9E86	2018-09-04
38229122	1	1	45379184	1	45379184	1	12322450	29007846-DBB7-4DDD-A7D4-596370AC2A8E	2018-09-17
37968223	1	1	45127262	1	45127262	1	12322045	0E8C39F9-5473-445B-AFA4-A229942F9E86	2018-09-07
37976221	1	1	45134913	1	45134913	1	12322069	1164E1EE-5D86-46D1-A02D-7678973B7ADC	2018-09-07
38169475	1	1	45322845	1	45322845	1	12322356	0E8C39F9-5473-445B-AFA4-A229942F9E86	2018-09-14
38169476	1	1	45322846	1	45322846	1	12322357	1164E1EE-5D86-46D1-A02D-7678973B7ADC	2018-09-14
38228412	1	1	45378467	1	45378467	1	12322443	29007846-DBB7-4DDD-A7D4-596370AC2A8E	2018-09-17
1694651	1	1	9523805	1	9523805	1	12322579	0A43F34D-AB1A-46CB-993C-5AD01B889F73	2018-09-20
38358151	1	1	45505864	1	45505864	1	12322629	0E8C39F9-5473-445B-AFA4-A229942F9E86	2018-09-23
38358153	1	1	45505865	1	45505865	1	12322630	1164E1EE-5D86-46D1-A02D-7678973B7ADC	2018-09-23
37908841	1	1	45068835	1	45068835	1	12321737	1164E1EE-5D86-46D1-A02D-7678973B7ADC	2018-09-04
36330807	1	1	43535899	1	43535899	1	12322233	CB000791-F7F6-4953-949B-9CFB66C06ECF	2018-09-12
36890095	1	1	45260577	1	45260577	1	12322259	30F14138-7B1F-46DB-AB37-103CB0C83D05	2018-09-12
38062616	1	1	45219097	1	45219097	1	12322101	0E8C39F9-5473-445B-AFA4-A229942F9E86	2018-09-10
38062417	1	1	45218895	1	45218895	1	12322096	720975FE-B865-4FCA-BFB6-F144E8A2F300	2018-09-10
38083907	1	1	45240118	1	45240118	1	12322204	0E8C39F9-5473-445B-AFA4-A229942F9E86	2018-09-11
38083908	1	1	45240119	1	45240119	1	12322205	1164E1EE-5D86-46D1-A02D-7678973B7ADC	2018-09-11
38160308	1	1	45314105	1	45314105	1	12322342	0E8C39F9-5473-445B-AFA4-A229942F9E86	2018-09-13
37925199	1	1	45085947	1	45085947	1	12321926	720975FE-B865-4FCA-BFB6-F144E8A2F300	2018-09-05
37922401	1	1	45082521	1	45082521	1	12321827	12345678-4321-8765-9087-109876541111	2018-09-05
37922458	1	1	45082586	1	45082586	1	12321843	12345678-4321-8765-9087-109876541111	2018-09-05
38209754	1	1	45360700	1	45360700	1	12322429	0E8C39F9-5473-445B-AFA4-A229942F9E86	2018-09-16
37620112	1	1	44795601	1	44795601	1	12322243	AF6D8D03-5F15-4A99-B5A5-5FAA12D5D288	2018-09-12
37917112	1	1	45077071	1	45077071	1	12322092	25EB4844-1838-4BFC-8176-8619AB6A3B46	2018-09-10
37964893	1	1	45124133	1	45124133	1	12322016	1164E1EE-5D86-46D1-A02D-7678973B7ADC	2018-09-07
37920934	1	1	45080783	1	45080783	1	12321797	12345678-4321-8765-9087-109876541111	2018-09-05
37920934	1	1	45080783	1	45080783	1	12321798	12345678-4321-8765-9087-109876542222	2018-09-05
37921700	1	1	45081769	1	45081769	1	12321823	720975FE-B865-4FCA-BFB6-F144E8A2F300	2018-09-05
38050544	1	1	45206629	1	45206629	1	12322085	0E8C39F9-5473-445B-AFA4-A229942F9E86	2018-09-10
37922506	1	1	45082654	1	45082654	1	12321857	12345678-4321-8765-9087-109876541111	2018-09-05
37908051	1	1	45068098	1	45068098	1	12321734	0E8C39F9-5473-445B-AFA4-A229942F9E86	2018-09-04
37920951	1	1	45080800	1	45080800	1	12321803	12345678-4321-8765-9087-109876542222	2018-09-05
37920951	1	1	45080800	1	45080800	1	12321801	12345678-4321-8765-9087-109876541111	2018-09-05
37920951	1	1	45080800	1	45080800	1	12321804	12345678-4321-8765-9087-109876542222	2018-09-05
37965771	1	1	45125038	1	45125038	1	12322027	0E8C39F9-5473-445B-AFA4-A229942F9E86	2018-09-07
38070294	1	1	45226733	1	45226733	1	12322126	0E8C39F9-5473-445B-AFA4-A229942F9E86	2018-09-10
37928408	1	1	45088940	1	45088940	1	12321933	0E8C39F9-5473-445B-AFA4-A229942F9E86	2018-09-05
37933057	1	1	45093333	1	45093333	1	12321950	1164E1EE-5D86-46D1-A02D-7678973B7ADC	2018-09-05
37920986	1	1	45080834	1	45080834	1	12321807	12345678-4321-8765-9087-109876541111	2018-09-05
38171689	1	1	45325002	1	45325002	1	12322394	0E8C39F9-5473-445B-AFA4-A229942F9E86	2018-09-14
38241538	1	1	45391367	1	45391367	1	12322490	0E8C39F9-5473-445B-AFA4-A229942F9E86	2018-09-17
38076377	1	1	45232732	1	45232732	1	12322163	1164E1EE-5D86-46D1-A02D-7678973B7ADC	2018-09-11
38075541	1	1	45231931	1	45231931	1	12322148	1164E1EE-5D86-46D1-A02D-7678973B7ADC	2018-09-11
38238727	1	1	45388777	1	45388777	1	12322488	1164E1EE-5D86-46D1-A02D-7678973B7ADC	2018-09-17
38108457	1	1	45263684	1	45263684	1	12322274	1164E1EE-5D86-46D1-A02D-7678973B7ADC	2018-09-12
38140779	1	1	45294134	1	45294134	1	12322315	1164E1EE-5D86-46D1-A02D-7678973B7ADC	2018-09-13
38109508	1	1	45264686	1	45264686	1	12322286	25350805-4A28-4A57-A006-EB0805DD047E	2018-09-12
38110869	1	1	45266108	1	45266108	1	12322293	0E8C39F9-5473-445B-AFA4-A229942F9E86	2018-09-12
37717510	1	1	44886585	1	44886585	1	12321954	C1633DBA-5978-40C8-9A13-973594B9AE8D	2018-09-05
37889140	1	1	45050349	1	45050349	1	12321660	0E8C39F9-5473-445B-AFA4-A229942F9E86	2018-09-04
38153349	1	1	45306251	1	45306251	1	12322334	0E8C39F9-5473-445B-AFA4-A229942F9E86	2018-09-13
38153350	1	1	45306252	1	45306252	1	12322335	1164E1EE-5D86-46D1-A02D-7678973B7ADC	2018-09-13
38230086	1	1	45380222	1	45380222	1	12322459	1164E1EE-5D86-46D1-A02D-7678973B7ADC	2018-09-17
38069364	1	1	45225898	1	45225898	1	12322123	1164E1EE-5D86-46D1-A02D-7678973B7ADC	2018-09-10
38263709	1	1	45412356	1	45412356	1	12322526	0E8C39F9-5473-445B-AFA4-A229942F9E86	2018-09-19
38235559	1	1	45385386	1	45385386	1	12322479	0DCCDA81-6FB4-4DB2-8FAF-B1B2F8D5AC5F	2018-09-17
38235559	1	1	45385386	1	45385386	1	12322533	8261BCA0-E966-41F9-AE45-E4EFDD1010CF	2018-09-19
38170168	1	1	45323530	1	45323530	1	12322372	29007846-DBB7-4DDD-A7D4-596370AC2A8E	2018-09-14
38134095	1	1	45288017	1	45288017	1	12322310	0E8C39F9-5473-445B-AFA4-A229942F9E86	2018-09-13
38275534	1	1	45424874	1	45424874	1	12322545	1164E1EE-5D86-46D1-A02D-7678973B7ADC	2018-09-19
37037710	1	1	44228971	1	44228971	1	12322295	AB081E81-D949-4CBA-BE31-9F03034A1C97	2018-09-12
37037710	1	1	44228971	1	44228971	1	12322610	417BDBB6-BDA1-45C3-BA36-C8ABB5874B7E	2018-09-21
37097336	1	1	44286920	1	44286920	1	12322344	29657BE9-66F1-4F7B-8152-3C2BD2905975	2018-09-13
37941375	1	1	45101495	1	45101495	1	12321979	0E8C39F9-5473-445B-AFA4-A229942F9E86	2018-09-06
37906248	1	1	45066458	1	45066458	1	12321726	0E8C39F9-5473-445B-AFA4-A229942F9E86	2018-09-04
38041150	1	1	45197950	1	45197950	1	12322081	1164E1EE-5D86-46D1-A02D-7678973B7ADC	2018-09-09
38229206	1	1	45379298	1	45379298	1	12322451	720975FE-B865-4FCA-BFB6-F144E8A2F300	2018-09-17
38061642	1	1	45217997	1	45217997	1	12322267	785D392C-B1E5-4FB0-8A29-4C7913A90178	2018-09-12
37922446	1	1	45082575	1	45082575	1	12321842	12345678-4321-8765-9087-109876542222	2018-09-05
37922446	1	1	45082575	1	45082575	1	12321841	12345678-4321-8765-9087-109876541111	2018-09-05
37922496	1	1	45082641	1	45082641	1	12321869	720975FE-B865-4FCA-BFB6-F144E8A2F300	2018-09-05
38065117	1	1	45221523	1	45221523	1	12322250	44168E0E-2BE6-483B-90AF-1DA623C06E94	2018-09-12
38228431	1	1	45378487	1	45378487	1	12322445	29007846-DBB7-4DDD-A7D4-596370AC2A8E	2018-09-17
38065124	1	1	45221532	1	45221532	1	12322247	A887AA20-E731-4C50-86EF-B2192B5E2C37	2018-09-12
38234753	1	1	45384637	1	45384637	1	12322481	5E877DF1-7079-47CA-A970-DCC73B137950	2018-09-17
38234753	1	1	45384637	1	45384637	1	12322480	8494184D-8B58-46CE-9A39-EA6C6FD8F645	2018-09-17
38234753	1	1	45384637	1	45384637	1	12322475	15685715-115C-4C0E-B8AC-6CCEF7F816D7	2018-09-17
38103753	1	1	45259141	1	45259141	1	12322235	0E8C39F9-5473-445B-AFA4-A229942F9E86	2018-09-12
37918387	1	1	45078270	1	45078270	1	12321773	1164E1EE-5D86-46D1-A02D-7678973B7ADC	2018-09-05
30521164	1	1	37514558	1	37514558	1	12322510	1C3475FF-81CC-4D15-92DC-0D383C73A3D4	2018-09-18
3649417	1	1	37430069	1	37430069	1	12322468	47849C70-B8A8-49D5-A452-7E4F531DAC0D	2018-09-17
38060121	1	1	45216609	1	45216609	1	12322090	1164E1EE-5D86-46D1-A02D-7678973B7ADC	2018-09-10
37891922	1	1	45052952	1	45052952	1	12321671	0E8C39F9-5473-445B-AFA4-A229942F9E86	2018-09-04
37891924	1	1	45052954	1	45052954	1	12321672	1164E1EE-5D86-46D1-A02D-7678973B7ADC	2018-09-04
37041360	1	1	44232377	1	44232377	1	12321993	06CAF7EA-9D8B-428A-89FD-507120DBD306	2018-09-06
37968215	1	1	45127254	1	45127254	1	12322043	0E8C39F9-5473-445B-AFA4-A229942F9E86	2018-09-07
37920965	1	1	45080814	1	45080814	1	12321806	12345678-4321-8765-9087-109876541111	2018-09-05
37921040	1	1	45080889	1	45080889	1	12321810	12345678-4321-8765-9087-109876541111	2018-09-05
37921047	1	1	45080896	1	45080896	1	12321811	12345678-4321-8765-9087-109876541111	2018-09-05
37922530	1	1	45082682	1	45082682	1	12321859	12345678-4321-8765-9087-109876541111	2018-09-05
37922555	1	1	45082707	1	45082707	1	12321863	12345678-4321-8765-9087-109876541111	2018-09-05
37922580	1	1	45082734	1	45082734	1	12321866	12345678-4321-8765-9087-109876541111	2018-09-05
37922587	1	1	45082741	1	45082741	1	12321867	12345678-4321-8765-9087-109876541111	2018-09-05
37964892	1	1	45124132	1	45124132	1	12322014	0E8C39F9-5473-445B-AFA4-A229942F9E86	2018-09-07
37967328	1	1	45126445	1	45126445	1	12322041	29007846-DBB7-4DDD-A7D4-596370AC2A8E	2018-09-07
37977472	1	1	45136057	1	45136057	1	12322071	0E8C39F9-5473-445B-AFA4-A229942F9E86	2018-09-07
37996313	1	1	45154432	1	45154432	1	12322074	0E8C39F9-5473-445B-AFA4-A229942F9E86	2018-09-08
37922429	1	1	45082552	1	45082552	1	12321831	12345678-4321-8765-9087-109876541111	2018-09-05
37922570	1	1	45082725	1	45082725	1	12321865	12345678-4321-8765-9087-109876541111	2018-09-05
37917140	1	1	45077095	1	45077095	1	12321757	0E8C39F9-5473-445B-AFA4-A229942F9E86	2018-09-05
37917365	1	1	45077302	1	45077302	1	12321762	29007846-DBB7-4DDD-A7D4-596370AC2A8E	2018-09-05
37937421	1	1	45097758	1	45097758	1	12321965	0E8C39F9-5473-445B-AFA4-A229942F9E86	2018-09-05
37921053	1	1	45080903	1	45080903	1	12321812	12345678-4321-8765-9087-109876541111	2018-09-05
37922442	1	1	45082568	1	45082568	1	12321838	12345678-4321-8765-9087-109876541111	2018-09-05
37946861	1	1	45106473	1	45106473	1	12322269	354020CE-A344-424E-AC05-B2B34C38DE58	2018-09-12
37975424	1	1	45134183	1	45134183	1	12322066	1164E1EE-5D86-46D1-A02D-7678973B7ADC	2018-09-07
37956179	1	1	45115106	1	45115106	1	12322004	0E8C39F9-5473-445B-AFA4-A229942F9E86	2018-09-06
38077836	1	1	45234325	1	45234325	1	12322190	29007846-DBB7-4DDD-A7D4-596370AC2A8E	2018-09-11
38073687	1	1	45230020	1	45230020	1	12322141	1164E1EE-5D86-46D1-A02D-7678973B7ADC	2018-09-11
708082	1	1	6440611	1	6440611	1	12321678	9E7DC795-75A8-462C-873B-00B3024F45DB	2018-09-04
1470936	1	1	8771158	1	8771158	1	12322564	A1BB8569-7134-4FB2-8884-0FAFCEF07E96	2018-09-20
1944803	1	4	9786392	1	6992241	4	12322291	D01AA9F2-C227-4E65-BCED-39ED1960CDE1	2018-09-12
1944803	1	4	9786392	1	6992241	4	12322405	EE82E01B-D49E-414A-9DDF-856C7CB8939E	2018-09-14
7992424	1	1	14901792	1	14901792	1	12322592	A49F7DC7-9E46-41F0-908F-E5D732E34596	2018-09-20
38017300	1	1	45175379	1	45175379	1	12322076	0E8C39F9-5473-445B-AFA4-A229942F9E86	2018-09-09
37914750	1	1	45074794	1	45074794	1	12321750	0E8C39F9-5473-445B-AFA4-A229942F9E86	2018-09-04
37920067	1	1	45079994	1	45079994	1	12321791	1164E1EE-5D86-46D1-A02D-7678973B7ADC	2018-09-05
37920920	1	1	45080769	1	45080769	1	12321795	12345678-4321-8765-9087-109876541111	2018-09-05
36307045	1	1	43516317	1	43516317	1	12322521	9856F669-3658-40F2-B3C0-A5DD8442A404	2018-09-18
38076877	1	1	45233264	1	45233264	1	12322167	720975FE-B865-4FCA-BFB6-F144E8A2F300	2018-09-11
38077077	1	1	45233464	1	45233464	1	12322174	29007846-DBB7-4DDD-A7D4-596370AC2A8E	2018-09-11
38300894	1	1	45452071	1	45452071	1	12322593	0E8C39F9-5473-445B-AFA4-A229942F9E86	2018-09-21
36298078	1	1	43509095	1	43509095	1	12322113	DE413123-A4D6-452A-912E-ADB3A63D5C2A	2018-09-10
37893036	1	1	45054006	1	45054006	1	12321677	720975FE-B865-4FCA-BFB6-F144E8A2F300	2018-09-04
37890730	1	1	45051834	1	45051834	1	12321665	0E8C39F9-5473-445B-AFA4-A229942F9E86	2018-09-04
38060100	1	1	45216600	1	45216600	1	12322089	0E8C39F9-5473-445B-AFA4-A229942F9E86	2018-09-10
37893476	1	1	45054408	1	45054408	1	12321679	0E8C39F9-5473-445B-AFA4-A229942F9E86	2018-09-04
38194452	1	1	45346681	1	45346681	1	12322424	0E8C39F9-5473-445B-AFA4-A229942F9E86	2018-09-15
38194454	1	1	45346683	1	45346683	1	12322425	1164E1EE-5D86-46D1-A02D-7678973B7ADC	2018-09-15
38257374	1	1	45406506	1	45406506	1	12322514	0E8C39F9-5473-445B-AFA4-A229942F9E86	2018-09-18
36914471	1	1	44104212	1	44104212	1	12322330	01A4EA10-2944-426E-B574-80888CF32326	2018-09-13
37897284	1	1	45057990	1	45057990	1	12321699	0E8C39F9-5473-445B-AFA4-A229942F9E86	2018-09-04
37659793	1	1	44831186	1	44831186	1	12322268	D3A3F8FF-121F-4F9E-A2C5-4A502F3FC7CE	2018-09-12
37659793	1	1	44831186	1	44831186	1	12322271	3CE5FFC2-B5F6-4C8B-A957-352D6C6EF6AC	2018-09-12
37929220	1	1	45089710	1	45089710	1	12321938	1164E1EE-5D86-46D1-A02D-7678973B7ADC	2018-09-05
37974128	1	1	45133023	1	45133023	1	12322063	0E8C39F9-5473-445B-AFA4-A229942F9E86	2018-09-07
37921061	1	1	45080913	1	45080913	1	12321813	12345678-4321-8765-9087-109876541111	2018-09-05
37922434	1	1	45082560	1	45082560	1	12321835	12345678-4321-8765-9087-109876542222	2018-09-05
37922434	1	1	45082560	1	45082560	1	12321833	12345678-4321-8765-9087-109876541111	2018-09-05
37922434	1	1	45082560	1	45082560	1	12321836	12345678-4321-8765-9087-109876542222	2018-09-05
37922497	1	1	45082642	1	45082642	1	12321855	12345678-4321-8765-9087-109876541111	2018-09-05
38065128	1	1	45221538	1	45221538	1	12322248	4F0B1B1B-58FA-456B-879A-507596E0F5D0	2018-09-12
38124987	1	1	45279455	1	45279455	1	12322303	0E8C39F9-5473-445B-AFA4-A229942F9E86	2018-09-12
38134580	1	1	45288458	1	45288458	1	12322312	0E8C39F9-5473-445B-AFA4-A229942F9E86	2018-09-13
38065498	1	1	45221883	1	45221883	1	12322111	1164E1EE-5D86-46D1-A02D-7678973B7ADC	2018-09-10
37919903	1	1	45079777	1	45079777	1	12321788	720975FE-B865-4FCA-BFB6-F144E8A2F300	2018-09-05
37922445	1	1	45082574	1	45082574	1	12321840	12345678-4321-8765-9087-109876541111	2018-09-05
38124999	1	1	45279466	1	45279466	1	12322305	1164E1EE-5D86-46D1-A02D-7678973B7ADC	2018-09-12
38085935	1	1	45241994	1	45241994	1	12322208	0E8C39F9-5473-445B-AFA4-A229942F9E86	2018-09-11
36456616	1	1	43648530	1	43648530	1	12322207	F073552A-67EC-4066-8C9D-2262CBDB062F	2018-09-14
36456616	1	1	43648530	1	43648530	1	12322297	DFDB30FE-6BA4-4ACD-9736-99FFF1BF8750	2018-09-12
38062618	1	1	45219100	1	45219100	1	12322102	1164E1EE-5D86-46D1-A02D-7678973B7ADC	2018-09-10
37027420	1	1	44218183	1	44218183	1	12322116	D59731F6-1DCC-47F5-A782-916507104A35	2018-09-10
37974136	1	1	45133032	1	45133032	1	12322062	1164E1EE-5D86-46D1-A02D-7678973B7ADC	2018-09-07
37975415	1	1	45134175	1	45134175	1	12322064	0E8C39F9-5473-445B-AFA4-A229942F9E86	2018-09-07
37941372	1	1	45101492	1	45101492	1	12321981	0E8C39F9-5473-445B-AFA4-A229942F9E86	2018-09-06
37897269	1	1	45057974	1	45057974	1	12321698	0E8C39F9-5473-445B-AFA4-A229942F9E86	2018-09-04
37922541	1	1	45082694	1	45082694	1	12321861	12345678-4321-8765-9087-109876541111	2018-09-05
38209771	1	1	45360711	1	45360711	1	12322430	0E8C39F9-5473-445B-AFA4-A229942F9E86	2018-09-16
37972547	1	1	45131519	1	45131519	1	12322057	1164E1EE-5D86-46D1-A02D-7678973B7ADC	2018-09-07
38229236	1	1	45379370	1	45379370	1	12322455	720975FE-B865-4FCA-BFB6-F144E8A2F300	2018-09-17
2217970	1	1	10316423	1	10316423	1	12322117	C7371DD2-9568-4F0F-B7B4-FC51B9747E50	2018-09-10
2217970	1	1	10316423	1	10316423	1	12322118	8326460E-BA6C-491D-8BF3-18D108877B0D	2018-09-10
37956180	1	1	45115107	1	45115107	1	12322003	1164E1EE-5D86-46D1-A02D-7678973B7ADC	2018-09-06
37963375	1	1	45122552	1	45122552	1	12322011	0E8C39F9-5473-445B-AFA4-A229942F9E86	2018-09-07
37975423	1	1	45134182	1	45134182	1	12322065	0E8C39F9-5473-445B-AFA4-A229942F9E86	2018-09-07
37975430	1	1	45134200	1	45134200	1	12322403	23080540-6F0C-4B29-A644-D81DF91BFD33	2018-09-14
37949696	1	1	45109250	1	45109250	1	12321997	720975FE-B865-4FCA-BFB6-F144E8A2F300	2018-09-06
38177810	1	1	45330563	1	45330563	1	12322401	0E8C39F9-5473-445B-AFA4-A229942F9E86	2018-09-14
37973382	1	1	45132271	1	45132271	1	12322058	0E8C39F9-5473-445B-AFA4-A229942F9E86	2018-09-07
37920055	1	1	45079984	1	45079984	1	12321789	0E8C39F9-5473-445B-AFA4-A229942F9E86	2018-09-05
37921068	1	1	45080922	1	45080922	1	12321814	12345678-4321-8765-9087-109876541111	2018-09-05
37909538	1	1	45069481	1	45069481	1	12321739	1164E1EE-5D86-46D1-A02D-7678973B7ADC	2018-09-04
37975439	1	1	45134209	1	45134209	1	12322122	F31C8B7C-AA15-44C4-A589-3816B0D9D999	2018-09-10
37977468	1	1	45136054	1	45136054	1	12322070	0E8C39F9-5473-445B-AFA4-A229942F9E86	2018-09-07
37972545	1	1	45131517	1	45131517	1	12322056	0E8C39F9-5473-445B-AFA4-A229942F9E86	2018-09-07
459674	1	1	6011127	1	6011127	1	268867	798FFCA6-844B-454F-A0C5-2187A89BCECB	2018-09-04
38092651	1	1	45248582	1	45248582	1	12322216	1164E1EE-5D86-46D1-A02D-7678973B7ADC	2018-09-11
38303410	1	1	45454621	1	45454621	1	12322600	0E8C39F9-5473-445B-AFA4-A229942F9E86	2018-09-21
38333275	1	1	45482790	1	45482790	1	12322624	0E8C39F9-5473-445B-AFA4-A229942F9E86	2018-09-22
38075979	1	1	45232359	1	45232359	1	12322157	29007846-DBB7-4DDD-A7D4-596370AC2A8E	2018-09-11
38105232	1	1	45260562	1	45260562	1	12322258	720975FE-B865-4FCA-BFB6-F144E8A2F300	2018-09-12
38110866	1	1	45266105	1	45266105	1	12322292	0E8C39F9-5473-445B-AFA4-A229942F9E86	2018-09-12
35840933	1	1	44643765	1	44643765	1	12321998	91A5DFCD-B0E8-4AFF-80B5-5D34BE4FC4C1	2018-09-06
38092639	1	1	45248571	1	45248571	1	12322214	0E8C39F9-5473-445B-AFA4-A229942F9E86	2018-09-11
38243629	1	1	45393362	1	45393362	1	12322496	720975FE-B865-4FCA-BFB6-F144E8A2F300	2018-09-18
38077410	1	1	45233831	1	45233831	1	12322186	29007846-DBB7-4DDD-A7D4-596370AC2A8E	2018-09-11
38362630	1	1	45510064	1	45510064	1	12322632	0E8C39F9-5473-445B-AFA4-A229942F9E86	2018-09-23
38290093	1	1	45438902	1	45438902	1	12322573	0E8C39F9-5473-445B-AFA4-A229942F9E86	2018-09-20
38256833	1	1	45405526	1	45405526	1	12322540	CE210D2A-9721-4877-BEB4-C8B9636E9DFE	2018-09-19
38303415	1	1	45454626	1	45454626	1	12322601	0E8C39F9-5473-445B-AFA4-A229942F9E86	2018-09-21
38315608	1	1	45466258	1	45466258	1	12322619	1164E1EE-5D86-46D1-A02D-7678973B7ADC	2018-09-21
38063435	1	1	45219886	1	45219886	1	12322107	720975FE-B865-4FCA-BFB6-F144E8A2F300	2018-09-10
38133877	1	1	45287797	1	45287797	1	12322307	0E8C39F9-5473-445B-AFA4-A229942F9E86	2018-09-13
38119691	1	1	45274552	1	45274552	1	12322300	0E8C39F9-5473-445B-AFA4-A229942F9E86	2018-09-12
38145684	1	1	45298718	1	45298718	1	12322322	1164E1EE-5D86-46D1-A02D-7678973B7ADC	2018-09-13
37483391	1	1	44672359	1	44672359	1	12322337	BC9289C0-3069-4681-9F1D-71D22BDE265F	2018-09-13
38070297	1	1	45226736	1	45226736	1	12322127	0E8C39F9-5473-445B-AFA4-A229942F9E86	2018-09-10
38070580	1	1	45227006	1	45227006	1	12322129	CEAB8B6C-0D83-4B64-853A-9938BAD0FAD8	2018-09-10
37917547	1	1	45077487	1	45077487	1	12321766	720975FE-B865-4FCA-BFB6-F144E8A2F300	2018-09-05
38257384	1	1	45406513	1	45406513	1	12322516	0E8C39F9-5473-445B-AFA4-A229942F9E86	2018-09-18
38263714	1	1	45412361	1	45412361	1	12322527	1164E1EE-5D86-46D1-A02D-7678973B7ADC	2018-09-19
38255623	1	1	45404305	1	45404305	1	12322511	0E8C39F9-5473-445B-AFA4-A229942F9E86	2018-09-18
38313183	1	1	45464053	1	45464053	1	12322615	0E8C39F9-5473-445B-AFA4-A229942F9E86	2018-09-21
38284457	1	1	45433201	1	45433201	1	12322557	0E8C39F9-5473-445B-AFA4-A229942F9E86	2018-09-20
37894684	1	1	45055551	1	45055551	1	12321688	0E8C39F9-5473-445B-AFA4-A229942F9E86	2018-09-04
37924078	1	1	45084640	1	45084640	1	12321889	1164E1EE-5D86-46D1-A02D-7678973B7ADC	2018-09-05
37976220	1	1	45134912	1	45134912	1	12322067	0E8C39F9-5473-445B-AFA4-A229942F9E86	2018-09-07
37963376	1	1	45122553	1	45122553	1	12322010	1164E1EE-5D86-46D1-A02D-7678973B7ADC	2018-09-07
38065129	1	1	45221539	1	45221539	1	12322254	AE49476C-5F58-43AF-B5A6-0708E93FA704	2018-09-12
38065497	1	1	45221882	1	45221882	1	12322109	0E8C39F9-5473-445B-AFA4-A229942F9E86	2018-09-10
37918535	1	1	45078438	1	45078438	1	12321779	673A7101-E4AC-4FE3-A886-A0092A6EECE3	2018-09-05
37919213	1	1	45079049	1	45079049	1	12321782	720975FE-B865-4FCA-BFB6-F144E8A2F300	2018-09-05
38069823	1	1	45226312	1	45226312	1	12322124	CE5017AC-979A-4F3C-AF7A-B6C9F5F881B8	2018-09-10
38070298	1	1	45226737	1	45226737	1	12322128	1164E1EE-5D86-46D1-A02D-7678973B7ADC	2018-09-10
37931500	1	1	45091819	1	45091819	1	12321944	0E8C39F9-5473-445B-AFA4-A229942F9E86	2018-09-05
37918382	1	1	45078265	1	45078265	1	12321771	0E8C39F9-5473-445B-AFA4-A229942F9E86	2018-09-05
38171724	1	1	45325014	1	45325014	1	12322395	1164E1EE-5D86-46D1-A02D-7678973B7ADC	2018-09-14
37920427	1	1	45080328	1	45080328	1	12321794	720975FE-B865-4FCA-BFB6-F144E8A2F300	2018-09-05
37922514	1	1	45082666	1	45082666	1	12321858	12345678-4321-8765-9087-109876541111	2018-09-05
37899587	1	1	45060265	1	45060265	1	12321713	0E8C39F9-5473-445B-AFA4-A229942F9E86	2018-09-04
37901958	1	1	45062471	1	45062471	1	12321716	0E8C39F9-5473-445B-AFA4-A229942F9E86	2018-09-04
37968225	1	1	45127265	1	45127265	1	12322044	1164E1EE-5D86-46D1-A02D-7678973B7ADC	2018-09-07
37965617	1	1	45124925	1	45124925	1	12322019	29007846-DBB7-4DDD-A7D4-596370AC2A8E	2018-09-07
37924070	1	1	45084631	1	45084631	1	12321888	0E8C39F9-5473-445B-AFA4-A229942F9E86	2018-09-05
37924555	1	1	45085290	1	45085290	1	12321901	720975FE-B865-4FCA-BFB6-F144E8A2F300	2018-09-05
38105470	1	1	45260795	1	45260795	1	12322260	888297A7-7B64-4E61-B231-C3F0F9F82F00	2018-09-12
38105470	1	1	45260795	1	45260795	1	12322262	D8DCD827-329B-45DE-BC66-C358D6B0AEF5	2018-09-12
37906255	1	1	45066465	1	45066465	1	12321728	0E8C39F9-5473-445B-AFA4-A229942F9E86	2018-09-04
37962559	1	1	45121815	1	45121815	1	12322012	20595989-32E0-45A7-9974-23592A9620ED	2018-09-07
37966584	1	1	45125795	1	45125795	1	12322031	720975FE-B865-4FCA-BFB6-F144E8A2F300	2018-09-07
269235	1	1	4561368	1	4561368	1	213456	B8C3DBB9-4EDC-430E-9E9D-D22203D3B990	2018-09-14
6165455	1	1	11881998	1	11881998	1	12322199	5995EC0E-DA1B-47AE-AFE2-40A8498DE615	2018-09-11
37895146	1	1	45055985	1	45055985	1	12321691	720975FE-B865-4FCA-BFB6-F144E8A2F300	2018-09-04
38241544	1	1	45391371	1	45391371	1	12322491	0E8C39F9-5473-445B-AFA4-A229942F9E86	2018-09-17
25236577	1	1	32262500	1	32262500	1	12321673	3EA36AB0-4CFD-437F-8987-B89B705297F0	2018-09-04
38170084	1	1	45323442	1	45323442	1	12322361	720975FE-B865-4FCA-BFB6-F144E8A2F300	2018-09-14
38287099	1	1	45435752	1	45435752	1	12322571	1164E1EE-5D86-46D1-A02D-7678973B7ADC	2018-09-20
38282001	1	1	45430938	1	45430938	1	12322551	0E8C39F9-5473-445B-AFA4-A229942F9E86	2018-09-20
38140775	1	1	45294130	1	45294130	1	12322314	0E8C39F9-5473-445B-AFA4-A229942F9E86	2018-09-13
38298029	1	1	45449006	1	45449006	1	12322590	0E8C39F9-5473-445B-AFA4-A229942F9E86	2018-09-20
38145675	1	1	45298710	1	45298710	1	12322320	0E8C39F9-5473-445B-AFA4-A229942F9E86	2018-09-13
38367109	1	1	45514114	1	45514114	1	12322636	1164E1EE-5D86-46D1-A02D-7678973B7ADC	2018-09-23
38305876	1	1	45457203	1	45457203	1	12322603	0E8C39F9-5473-445B-AFA4-A229942F9E86	2018-09-21
38098207	1	1	45253620	1	45253620	1	12322220	0E8C39F9-5473-445B-AFA4-A229942F9E86	2018-09-11
38286515	1	1	45435209	1	45435209	1	12322568	720975FE-B865-4FCA-BFB6-F144E8A2F300	2018-09-20
38170240	1	1	45323601	1	45323601	1	12322381	720975FE-B865-4FCA-BFB6-F144E8A2F300	2018-09-14
38206751	1	1	45357886	1	45357886	1	12322426	0E8C39F9-5473-445B-AFA4-A229942F9E86	2018-09-16
38237103	1	1	45387009	1	45387009	1	12322482	0E8C39F9-5473-445B-AFA4-A229942F9E86	2018-09-17
38226073	1	1	45376363	1	45376363	1	12322436	0E8C39F9-5473-445B-AFA4-A229942F9E86	2018-09-17
37893481	1	1	45054413	1	45054413	1	12321680	0E8C39F9-5473-445B-AFA4-A229942F9E86	2018-09-04
38226065	1	1	45376356	1	45376356	1	12322435	0E8C39F9-5473-445B-AFA4-A229942F9E86	2018-09-17
37890899	1	1	45052000	1	45052000	1	12321669	29007846-DBB7-4DDD-A7D4-596370AC2A8E	2018-09-04
37894675	1	1	45055542	1	45055542	1	12321686	0E8C39F9-5473-445B-AFA4-A229942F9E86	2018-09-04
38170182	1	1	45323544	1	45323544	1	12322373	720975FE-B865-4FCA-BFB6-F144E8A2F300	2018-09-14
38101360	1	1	45256628	1	45256628	1	12322232	720975FE-B865-4FCA-BFB6-F144E8A2F300	2018-09-12
38246647	1	1	45396108	1	45396108	1	12322500	0E8C39F9-5473-445B-AFA4-A229942F9E86	2018-09-18
38167641	1	1	45321145	1	45321145	1	12322353	1164E1EE-5D86-46D1-A02D-7678973B7ADC	2018-09-14
38170224	1	1	45323578	1	45323578	1	12322380	29007846-DBB7-4DDD-A7D4-596370AC2A8E	2018-09-14
38170267	1	1	45323628	1	45323628	1	12322384	29007846-DBB7-4DDD-A7D4-596370AC2A8E	2018-09-14
38079090	1	1	45235509	1	45235509	1	12322198	1164E1EE-5D86-46D1-A02D-7678973B7ADC	2018-09-11
36679456	1	1	43869894	1	43869894	1	12322336	2E1EA645-35AD-4A0A-9A4A-75022B9D4F78	2018-09-13
38179609	1	1	45332234	1	45332234	1	12322409	0E8C39F9-5473-445B-AFA4-A229942F9E86	2018-09-14
38100053	1	1	45255347	1	45255347	1	12322223	29007846-DBB7-4DDD-A7D4-596370AC2A8E	2018-09-12
38163743	1	1	45317367	1	45317367	1	12322346	1164E1EE-5D86-46D1-A02D-7678973B7ADC	2018-09-13
38078912	1	1	45235336	1	45235336	1	12322195	720975FE-B865-4FCA-BFB6-F144E8A2F300	2018-09-11
38141140	1	1	45294466	1	45294466	1	12322319	720975FE-B865-4FCA-BFB6-F144E8A2F300	2018-09-13
37948173	1	1	45107654	1	45107654	1	12321988	720975FE-B865-4FCA-BFB6-F144E8A2F300	2018-09-06
37971639	1	1	45130657	1	45130657	1	12322052	0E8C39F9-5473-445B-AFA4-A229942F9E86	2018-09-07
37909537	1	1	45069480	1	45069480	1	12321740	0E8C39F9-5473-445B-AFA4-A229942F9E86	2018-09-04
38271062	1	1	45419996	1	45419996	1	12322538	1164E1EE-5D86-46D1-A02D-7678973B7ADC	2018-09-19
38100140	1	1	45255443	1	45255443	1	12322228	720975FE-B865-4FCA-BFB6-F144E8A2F300	2018-09-12
37908840	1	1	45068834	1	45068834	1	12321736	0E8C39F9-5473-445B-AFA4-A229942F9E86	2018-09-04
38174250	1	1	45327324	1	45327324	1	12322398	0E8C39F9-5473-445B-AFA4-A229942F9E86	2018-09-14
37973383	1	1	45132272	1	45132272	1	12322060	1164E1EE-5D86-46D1-A02D-7678973B7ADC	2018-09-07
37928422	1	1	45088956	1	45088956	1	12321936	B122A9BE-183D-4960-82D2-3F970C254CFD	2018-09-05
38017314	1	1	45175390	1	45175390	1	12322078	1164E1EE-5D86-46D1-A02D-7678973B7ADC	2018-09-09
37927525	1	1	45088121	1	45088121	1	12321930	0E8C39F9-5473-445B-AFA4-A229942F9E86	2018-09-05
37926220	1	1	45086932	1	45086932	1	12321928	0E8C39F9-5473-445B-AFA4-A229942F9E86	2018-09-05
37967338	1	1	45126459	1	45126459	1	12322042	720975FE-B865-4FCA-BFB6-F144E8A2F300	2018-09-07
37933058	1	1	45093334	1	45093334	1	12321949	0E8C39F9-5473-445B-AFA4-A229942F9E86	2018-09-05
37913057	1	1	45073146	1	45073146	1	12321746	0E8C39F9-5473-445B-AFA4-A229942F9E86	2018-09-04
37913058	1	1	45073147	1	45073147	1	12321745	1164E1EE-5D86-46D1-A02D-7678973B7ADC	2018-09-04
37941468	1	1	45101590	1	45101590	1	12321983	0E8C39F9-5473-445B-AFA4-A229942F9E86	2018-09-06
37975442	1	1	45134212	1	45134212	1	12322119	7E1079D9-C2A2-4317-A8EB-53D617D77225	2018-09-10
38065127	1	1	45221536	1	45221536	1	12322253	5F58B945-C832-432B-A556-6730A185B94A	2018-09-12
38066388	1	1	45222706	1	45222706	1	12322115	5461724B-BCB4-41E2-8196-20714D6FFC31	2018-09-10
38065125	1	1	45221534	1	45221534	1	12322252	40A4A8B7-3082-4439-B329-C4DF64F037EA	2018-09-12
38065114	1	1	45221517	1	45221517	1	12322242	E87D629B-E1D8-421E-93B5-CA486A81EA17	2018-09-12
37918506	1	1	45078409	1	45078409	1	12321778	720975FE-B865-4FCA-BFB6-F144E8A2F300	2018-09-05
38170305	1	1	45323680	1	45323680	1	12322389	720975FE-B865-4FCA-BFB6-F144E8A2F300	2018-09-14
38308657	1	1	45459923	1	45459923	1	12322608	0E8C39F9-5473-445B-AFA4-A229942F9E86	2018-09-21
38081663	1	1	45238049	1	45238049	1	12322203	1164E1EE-5D86-46D1-A02D-7678973B7ADC	2018-09-11
38085450	1	1	45241557	1	45241557	1	12322296	18D4953E-9B6B-427F-A3EA-A60FA92FA83B	2018-09-12
38081597	1	1	45238014	1	45238014	1	12322202	0E8C39F9-5473-445B-AFA4-A229942F9E86	2018-09-11
38281566	1	1	45430540	1	45430540	1	12322556	EF3CFD67-CDBB-449D-90D1-9D15BD879074	2018-09-20
38065347	1	1	45221752	1	45221752	1	12322245	21733CF8-F39D-4ECE-817A-9D2B663C58C7	2018-09-12
37869211	1	1	45030980	1	45030980	1	12322008	77A3D345-CE25-4F2A-A5D0-7594B52800BC	2018-09-06
37869211	1	1	45030980	1	45030980	1	12321663	0B746CC4-8D73-4174-932F-5C39F699B26A	2018-09-04
38232252	1	1	45382310	1	45382310	1	12322464	0E8C39F9-5473-445B-AFA4-A229942F9E86	2018-09-17
38295354	1	1	45445835	1	45445835	1	12322588	0E8C39F9-5473-445B-AFA4-A229942F9E86	2018-09-20
38243874	1	1	45393573	1	45393573	1	12322499	1164E1EE-5D86-46D1-A02D-7678973B7ADC	2018-09-18
38230083	1	1	45380219	1	45380219	1	12322458	0E8C39F9-5473-445B-AFA4-A229942F9E86	2018-09-17
35936713	1	1	43190219	1	43190219	1	12322299	7FA8ABC3-067D-449B-8E9D-A15537628CBD	2018-09-12
38077130	1	1	45233551	1	45233551	1	12322179	720975FE-B865-4FCA-BFB6-F144E8A2F300	2018-09-11
38079087	1	1	45235506	1	45235506	1	12322196	0E8C39F9-5473-445B-AFA4-A229942F9E86	2018-09-11
38275536	1	1	45424877	1	45424877	1	12322546	0E8C39F9-5473-445B-AFA4-A229942F9E86	2018-09-19
38170139	1	1	45323496	1	45323496	1	12322368	29007846-DBB7-4DDD-A7D4-596370AC2A8E	2018-09-14
37895821	1	1	45056617	1	45056617	1	12321697	720975FE-B865-4FCA-BFB6-F144E8A2F300	2018-09-04
38170192	1	1	45323547	1	45323547	1	12322376	29007846-DBB7-4DDD-A7D4-596370AC2A8E	2018-09-14
38243873	1	1	45393572	1	45393572	1	12322498	0E8C39F9-5473-445B-AFA4-A229942F9E86	2018-09-18
38311014	1	1	45462077	1	45462077	1	12322611	0E8C39F9-5473-445B-AFA4-A229942F9E86	2018-09-21
38298033	1	1	45449010	1	45449010	1	12322591	1164E1EE-5D86-46D1-A02D-7678973B7ADC	2018-09-20
38273329	1	1	45422302	1	45422302	1	12322543	0E8C39F9-5473-445B-AFA4-A229942F9E86	2018-09-19
38251333	1	1	45400410	1	45400410	1	12322509	0E8C39F9-5473-445B-AFA4-A229942F9E86	2018-09-18
38246654	1	1	45396115	1	45396115	1	12322502	0E8C39F9-5473-445B-AFA4-A229942F9E86	2018-09-18
38075539	1	1	45231929	1	45231929	1	12322147	0E8C39F9-5473-445B-AFA4-A229942F9E86	2018-09-11
38075957	1	1	45232332	1	45232332	1	12322152	29007846-DBB7-4DDD-A7D4-596370AC2A8E	2018-09-11
38259426	1	1	45408448	1	45408448	1	12322519	1164E1EE-5D86-46D1-A02D-7678973B7ADC	2018-09-18
38374722	1	1	45521424	1	45521424	1	12322640	1164E1EE-5D86-46D1-A02D-7678973B7ADC	2018-09-23
38313163	1	1	45464034	1	45464034	1	12322617	058F210F-51F5-4B9E-8737-DC0572891764	2018-09-21
38108456	1	1	45263683	1	45263683	1	12322273	0E8C39F9-5473-445B-AFA4-A229942F9E86	2018-09-12
38165648	1	1	45319268	1	45319268	1	12322350	1164E1EE-5D86-46D1-A02D-7678973B7ADC	2018-09-13
38076539	1	1	45232900	1	45232900	1	12322166	29007846-DBB7-4DDD-A7D4-596370AC2A8E	2018-09-11
38163742	1	1	45317366	1	45317366	1	12322347	0E8C39F9-5473-445B-AFA4-A229942F9E86	2018-09-13
37926222	1	1	45086933	1	45086933	1	12321929	1164E1EE-5D86-46D1-A02D-7678973B7ADC	2018-09-05
38105943	1	1	45261227	1	45261227	1	12322264	0E8C39F9-5473-445B-AFA4-A229942F9E86	2018-09-12
38209781	1	1	45360717	1	45360717	1	12322431	1164E1EE-5D86-46D1-A02D-7678973B7ADC	2018-09-16
38174252	1	1	45327326	1	45327326	1	12322399	1164E1EE-5D86-46D1-A02D-7678973B7ADC	2018-09-14
37948276	1	1	45107758	1	45107758	1	12321989	0E8C39F9-5473-445B-AFA4-A229942F9E86	2018-09-06
37937112	1	1	45097479	1	45097479	1	12321962	1017E29E-7E33-41F9-B25C-24563C497AE2	2018-09-05
37907266	1	1	45067362	1	45067362	1	12321731	0E8C39F9-5473-445B-AFA4-A229942F9E86	2018-09-04
37913828	1	1	45073865	1	45073865	1	12321747	0E8C39F9-5473-445B-AFA4-A229942F9E86	2018-09-04
37965772	1	1	45125039	1	45125039	1	12322026	1164E1EE-5D86-46D1-A02D-7678973B7ADC	2018-09-07
37960219	1	1	45119671	1	45119671	1	12322006	0E8C39F9-5473-445B-AFA4-A229942F9E86	2018-09-06
37960220	1	1	45119672	1	45119672	1	12322007	1164E1EE-5D86-46D1-A02D-7678973B7ADC	2018-09-06
37963369	1	1	45122547	1	45122547	1	12322009	0E8C39F9-5473-445B-AFA4-A229942F9E86	2018-09-07
37952290	1	1	45111601	1	45111601	1	12322001	1164E1EE-5D86-46D1-A02D-7678973B7ADC	2018-09-06
38134482	1	1	45288370	1	45288370	1	12322311	0E8C39F9-5473-445B-AFA4-A229942F9E86	2018-09-13
38105546	1	1	45260858	1	45260858	1	12322261	9325C6E6-9109-449A-BE54-41252A51EA60	2018-09-12
37965622	1	1	45124940	1	45124940	1	12322020	720975FE-B865-4FCA-BFB6-F144E8A2F300	2018-09-07
37922482	1	1	45082617	1	45082617	1	12321852	12345678-4321-8765-9087-109876541111	2018-09-05
37922749	1	1	45082919	1	45082919	1	12321872	720975FE-B865-4FCA-BFB6-F144E8A2F300	2018-09-05
37898251	1	1	45059071	1	45059071	1	12321709	720975FE-B865-4FCA-BFB6-F144E8A2F300	2018-09-04
37948271	1	1	45107753	1	45107753	1	12321990	0E8C39F9-5473-445B-AFA4-A229942F9E86	2018-09-06
37937422	1	1	45097759	1	45097759	1	12321964	1164E1EE-5D86-46D1-A02D-7678973B7ADC	2018-09-05
38077859	1	1	45234356	1	45234356	1	12322191	720975FE-B865-4FCA-BFB6-F144E8A2F300	2018-09-11
38225061	1	1	45375469	1	45375469	1	12322438	3F94EE73-6893-4C7D-BA61-B0214EFF853C	2018-09-17
37966839	1	1	45126044	1	45126044	1	12322032	0E8C39F9-5473-445B-AFA4-A229942F9E86	2018-09-07
37962560	1	1	45121816	1	45121816	1	12322013	BB0C0137-B5EC-49AD-B47F-2752A4C613F2	2018-09-07
37934488	1	1	45095042	1	45095042	1	12321952	0E8C39F9-5473-445B-AFA4-A229942F9E86	2018-09-05
37914751	1	1	45074795	1	45074795	1	12321751	1164E1EE-5D86-46D1-A02D-7678973B7ADC	2018-09-04
38062164	1	1	45218646	1	45218646	1	12322095	29007846-DBB7-4DDD-A7D4-596370AC2A8E	2018-09-10
38065122	1	1	45221529	1	45221529	1	12322149	D57D5F75-40B9-4B12-866B-D738EF428288	2018-09-12
38065116	1	1	45221522	1	45221522	1	12322251	602C7E9F-5863-4BDD-83E8-77444B684410	2018-09-12
1883430	1	1	9732584	1	9732584	1	12322306	B1A1FA64-CDC5-4EB2-8F03-086ABEB8E807	2018-09-12
24271479	1	1	45115057	1	45115057	1	12322002	454CA02C-334A-411E-BB29-7E6713AB1C17	2018-09-06
38170203	1	1	45323561	1	45323561	1	12322377	720975FE-B865-4FCA-BFB6-F144E8A2F300	2018-09-14
38179610	1	1	45332235	1	45332235	1	12322408	1164E1EE-5D86-46D1-A02D-7678973B7ADC	2018-09-14
38085943	1	1	45242003	1	45242003	1	12322210	1164E1EE-5D86-46D1-A02D-7678973B7ADC	2018-09-11
38092648	1	1	45248578	1	45248578	1	12322215	0E8C39F9-5473-445B-AFA4-A229942F9E86	2018-09-11
38313174	1	1	45464045	1	45464045	1	12322614	0E8C39F9-5473-445B-AFA4-A229942F9E86	2018-09-21
38186673	1	1	45339103	1	45339103	1	12322419	1164E1EE-5D86-46D1-A02D-7678973B7ADC	2018-09-15
38119700	1	1	45274561	1	45274561	1	12322302	1164E1EE-5D86-46D1-A02D-7678973B7ADC	2018-09-12
38078560	1	1	45235008	1	45235008	1	12322194	29007846-DBB7-4DDD-A7D4-596370AC2A8E	2018-09-11
38294435	1	1	45443757	1	45443757	1	12322585	0E8C39F9-5473-445B-AFA4-A229942F9E86	2018-09-20
38278008	1	1	45427252	1	45427252	1	12322549	0E8C39F9-5473-445B-AFA4-A229942F9E86	2018-09-19
38160311	1	1	45314108	1	45314108	1	12322343	1164E1EE-5D86-46D1-A02D-7678973B7ADC	2018-09-13
38170058	1	1	45323409	1	45323409	1	12322360	29007846-DBB7-4DDD-A7D4-596370AC2A8E	2018-09-14
38077483	1	1	45233913	1	45233913	1	12322187	720975FE-B865-4FCA-BFB6-F144E8A2F300	2018-09-11
37893482	1	1	45054414	1	45054414	1	12321681	1164E1EE-5D86-46D1-A02D-7678973B7ADC	2018-09-04
38167633	1	1	45321139	1	45321139	1	12322352	0E8C39F9-5473-445B-AFA4-A229942F9E86	2018-09-14
38167640	1	1	45321144	1	45321144	1	12322354	0E8C39F9-5473-445B-AFA4-A229942F9E86	2018-09-14
38374710	1	1	45521412	1	45521412	1	12322638	0E8C39F9-5473-445B-AFA4-A229942F9E86	2018-09-23
38248619	1	1	45397931	1	45397931	1	12322504	1164E1EE-5D86-46D1-A02D-7678973B7ADC	2018-09-18
38273333	1	1	45422306	1	45422306	1	12322544	1164E1EE-5D86-46D1-A02D-7678973B7ADC	2018-09-19
38170106	1	1	45323461	1	45323461	1	12322364	29007846-DBB7-4DDD-A7D4-596370AC2A8E	2018-09-14
38290102	1	1	45438909	1	45438909	1	12322575	1164E1EE-5D86-46D1-A02D-7678973B7ADC	2018-09-20
38266131	1	1	45414902	1	45414902	1	12322530	0E8C39F9-5473-445B-AFA4-A229942F9E86	2018-09-19
38367101	1	1	45514106	1	45514106	1	12322635	0E8C39F9-5473-445B-AFA4-A229942F9E86	2018-09-23
38257385	1	1	45406514	1	45406514	1	12322515	1164E1EE-5D86-46D1-A02D-7678973B7ADC	2018-09-18
38075964	1	1	45232345	1	45232345	1	12322154	720975FE-B865-4FCA-BFB6-F144E8A2F300	2018-09-11
38194443	1	1	45346675	1	45346675	1	12322423	0E8C39F9-5473-445B-AFA4-A229942F9E86	2018-09-15
38233979	1	1	45383916	1	45383916	1	12322473	0E8C39F9-5473-445B-AFA4-A229942F9E86	2018-09-17
38292554	1	1	45441649	1	45441649	1	12322577	0E8C39F9-5473-445B-AFA4-A229942F9E86	2018-09-20
38255635	1	1	45404315	1	45404315	1	12322513	1164E1EE-5D86-46D1-A02D-7678973B7ADC	2018-09-18
38235087	1	1	45384936	1	45384936	1	12322477	0E8C39F9-5473-445B-AFA4-A229942F9E86	2018-09-17
38374718	1	1	45521419	1	45521419	1	12322639	0E8C39F9-5473-445B-AFA4-A229942F9E86	2018-09-23
38062621	1	1	45219107	1	45219107	1	12322103	720975FE-B865-4FCA-BFB6-F144E8A2F300	2018-09-10
38165647	1	1	45319267	1	45319267	1	12322349	0E8C39F9-5473-445B-AFA4-A229942F9E86	2018-09-13
38077422	1	1	45233849	1	45233849	1	12322184	720975FE-B865-4FCA-BFB6-F144E8A2F300	2018-09-11
38294088	1	1	45443271	1	45443271	1	12322580	69C1CEEA-7CE4-41B4-BFEF-69A58B99976D	2018-09-20
38300906	1	1	45452081	1	45452081	1	12322595	1164E1EE-5D86-46D1-A02D-7678973B7ADC	2018-09-21
37930214	1	1	45090657	1	45090657	1	12321939	0E8C39F9-5473-445B-AFA4-A229942F9E86	2018-09-05
37928412	1	1	45088944	1	45088944	1	12321934	0E8C39F9-5473-445B-AFA4-A229942F9E86	2018-09-05
37899147	1	1	45059846	1	45059846	1	12321712	720975FE-B865-4FCA-BFB6-F144E8A2F300	2018-09-04
37936597	1	1	45096982	1	45096982	1	12321959	0E8C39F9-5473-445B-AFA4-A229942F9E86	2018-09-05
37938503	1	1	45098786	1	45098786	1	12321966	0E8C39F9-5473-445B-AFA4-A229942F9E86	2018-09-05
37974133	1	1	45133028	1	45133028	1	12322061	0E8C39F9-5473-445B-AFA4-A229942F9E86	2018-09-07
38229231	1	1	45379347	1	45379347	1	12322454	29007846-DBB7-4DDD-A7D4-596370AC2A8E	2018-09-17
38041149	1	1	45197949	1	45197949	1	12322080	0E8C39F9-5473-445B-AFA4-A229942F9E86	2018-09-09
38017311	1	1	45175389	1	45175389	1	12322077	0E8C39F9-5473-445B-AFA4-A229942F9E86	2018-09-09
38157011	1	1	45309875	1	45309875	1	12322339	0E8C39F9-5473-445B-AFA4-A229942F9E86	2018-09-13
37941396	1	1	45101519	1	45101519	1	12321982	0E8C39F9-5473-445B-AFA4-A229942F9E86	2018-09-06
37897287	1	1	45057992	1	45057992	1	12321700	1164E1EE-5D86-46D1-A02D-7678973B7ADC	2018-09-04
37897723	1	1	45058451	1	45058451	1	12321706	720975FE-B865-4FCA-BFB6-F144E8A2F300	2018-09-04
37934491	1	1	45095044	1	45095044	1	12321953	1164E1EE-5D86-46D1-A02D-7678973B7ADC	2018-09-05
37918447	1	1	45078346	1	45078346	1	12321777	29007846-DBB7-4DDD-A7D4-596370AC2A8E	2018-09-05
37899594	1	1	45060271	1	45060271	1	12321715	1164E1EE-5D86-46D1-A02D-7678973B7ADC	2018-09-04
38177802	1	1	45330554	1	45330554	1	12322400	0E8C39F9-5473-445B-AFA4-A229942F9E86	2018-09-14
38358146	1	1	45505858	1	45505858	1	12322631	0E8C39F9-5473-445B-AFA4-A229942F9E86	2018-09-23
1189975	1	1	7307207	1	7307207	1	12321662	5D7AFA2D-6092-4E26-87A5-855DFFD8B723	2018-09-04
37996308	1	1	45154427	1	45154427	1	12322073	0E8C39F9-5473-445B-AFA4-A229942F9E86	2018-09-08
38183728	1	1	45336309	1	45336309	1	12322413	0E8C39F9-5473-445B-AFA4-A229942F9E86	2018-09-14
38073681	1	1	45230016	1	45230016	1	12322140	0E8C39F9-5473-445B-AFA4-A229942F9E86	2018-09-11
37938508	1	1	45098791	1	45098791	1	12321967	1164E1EE-5D86-46D1-A02D-7678973B7ADC	2018-09-05
37486139	1	1	45240129	1	45240129	1	12322206	1F1BB67A-5E62-4350-A5A9-D04D18210596	2018-09-11
37922135	1	1	45082261	1	45082261	1	12321826	0E8C39F9-5473-445B-AFA4-A229942F9E86	2018-09-05
37908044	1	1	45068090	1	45068090	1	12321732	0E8C39F9-5473-445B-AFA4-A229942F9E86	2018-09-04
37912174	1	1	45072334	1	45072334	1	12321742	0E8C39F9-5473-445B-AFA4-A229942F9E86	2018-09-04
37973374	1	1	45132266	1	45132266	1	12322059	0E8C39F9-5473-445B-AFA4-A229942F9E86	2018-09-07
37909529	1	1	45069475	1	45069475	1	12321738	0E8C39F9-5473-445B-AFA4-A229942F9E86	2018-09-04
37922466	1	1	45082595	1	45082595	1	12321845	12345678-4321-8765-9087-109876541111	2018-09-05
37969359	1	1	45128389	1	45128389	1	12322047	0E8C39F9-5473-445B-AFA4-A229942F9E86	2018-09-07
37969360	1	1	45128390	1	45128390	1	12322048	1164E1EE-5D86-46D1-A02D-7678973B7ADC	2018-09-07
37972540	1	1	45131514	1	45131514	1	12322055	0E8C39F9-5473-445B-AFA4-A229942F9E86	2018-09-07
37902461	1	1	45062957	1	45062957	1	12321724	720975FE-B865-4FCA-BFB6-F144E8A2F300	2018-09-04
38065119	1	1	45221526	1	45221526	1	12322246	5C0AA982-DEB6-439C-800A-ABC6839F47FC	2018-09-12
37941074	1	1	45101195	1	45101195	1	12321974	29007846-DBB7-4DDD-A7D4-596370AC2A8E	2018-09-06
37941176	1	1	45101296	1	45101296	1	12321978	720975FE-B865-4FCA-BFB6-F144E8A2F300	2018-09-06
38061253	1	1	45217717	1	45217717	1	12322112	A65EC7BA-2923-44E4-9FF0-8EEEB79943A0	2018-09-10
24036818	1	1	31009746	1	31009746	1	12321775	152451BC-288D-4F42-9ED0-CC9098632BA7	2018-09-05
37920941	1	1	45080790	1	45080790	1	12321799	12345678-4321-8765-9087-109876541111	2018-09-05
37921409	1	1	45081326	1	45081326	1	12321820	720975FE-B865-4FCA-BFB6-F144E8A2F300	2018-09-05
37922145	1	1	45082263	1	45082263	1	12321825	1164E1EE-5D86-46D1-A02D-7678973B7ADC	2018-09-05
38174242	1	1	45327317	1	45327317	1	12322397	0E8C39F9-5473-445B-AFA4-A229942F9E86	2018-09-14
38105952	1	1	45261234	1	45261234	1	12322265	0E8C39F9-5473-445B-AFA4-A229942F9E86	2018-09-12
38085942	1	1	45242001	1	45242001	1	12322209	0E8C39F9-5473-445B-AFA4-A229942F9E86	2018-09-11
38153337	1	1	45306242	1	45306242	1	12322333	0E8C39F9-5473-445B-AFA4-A229942F9E86	2018-09-13
37907261	1	1	45067355	1	45067355	1	12321730	0E8C39F9-5473-445B-AFA4-A229942F9E86	2018-09-04
37920065	1	1	45079990	1	45079990	1	12321790	0E8C39F9-5473-445B-AFA4-A229942F9E86	2018-09-05
37920958	1	1	45080807	1	45080807	1	12321805	12345678-4321-8765-9087-109876541111	2018-09-05
37922437	1	1	45082563	1	45082563	1	12321837	12345678-4321-8765-9087-109876541111	2018-09-05
37922480	1	1	45082611	1	45082611	1	12321850	12345678-4321-8765-9087-109876541111	2018-09-05
37922562	1	1	45082715	1	45082715	1	12321864	12345678-4321-8765-9087-109876541111	2018-09-05
38050553	1	1	45206637	1	45206637	1	12322087	1164E1EE-5D86-46D1-A02D-7678973B7ADC	2018-09-10
37965626	1	1	45124944	1	45124944	1	12322023	29007846-DBB7-4DDD-A7D4-596370AC2A8E	2018-09-07
37966847	1	1	45126048	1	45126048	1	12322033	0E8C39F9-5473-445B-AFA4-A229942F9E86	2018-09-07
37902292	1	1	45062793	1	45062793	1	12321721	29007846-DBB7-4DDD-A7D4-596370AC2A8E	2018-09-04
37902292	1	1	45062793	1	45062793	1	12321720	6B51BE55-EDB8-466C-8FAA-1E5331E5D20A	2018-09-04
37902292	1	1	45062793	1	45062793	1	12321719	720975FE-B865-4FCA-BFB6-F144E8A2F300	2018-09-04
37922422	1	1	45082545	1	45082545	1	12321829	12345678-4321-8765-9087-109876541111	2018-09-05
37922422	1	1	45082545	1	45082545	1	12321830	12345678-4321-8765-9087-109876542222	2018-09-05
37917416	1	1	45077364	1	45077364	1	12321764	29007846-DBB7-4DDD-A7D4-596370AC2A8E	2018-09-05
37932231	1	1	45092507	1	45092507	1	12321946	1164E1EE-5D86-46D1-A02D-7678973B7ADC	2018-09-05
37922468	1	1	45082598	1	45082598	1	12321849	12345678-4321-8765-9087-109876542222	2018-09-05
37922468	1	1	45082598	1	45082598	1	12321848	12345678-4321-8765-9087-109876542222	2018-09-05
37922468	1	1	45082598	1	45082598	1	12321846	12345678-4321-8765-9087-109876541111	2018-09-05
37917533	1	1	45077484	1	45077484	1	12321765	720975FE-B865-4FCA-BFB6-F144E8A2F300	2018-09-05
37937417	1	1	45097754	1	45097754	1	12321963	0E8C39F9-5473-445B-AFA4-A229942F9E86	2018-09-05
38088418	1	1	45244741	1	45244741	1	12322213	1164E1EE-5D86-46D1-A02D-7678973B7ADC	2018-09-11
37919562	1	1	45079403	1	45079403	1	12321785	720975FE-B865-4FCA-BFB6-F144E8A2F300	2018-09-05
37922108	1	1	45082245	1	45082245	1	12321824	0E8C39F9-5473-445B-AFA4-A229942F9E86	2018-09-05
37922489	1	1	45082629	1	45082629	1	12321854	12345678-4321-8765-9087-109876541111	2018-09-05
37906257	1	1	45066467	1	45066467	1	12321727	1164E1EE-5D86-46D1-A02D-7678973B7ADC	2018-09-04
37964885	1	1	45124126	1	45124126	1	12322015	0E8C39F9-5473-445B-AFA4-A229942F9E86	2018-09-07
38073685	1	1	45230018	1	45230018	1	12322142	0E8C39F9-5473-445B-AFA4-A229942F9E86	2018-09-11
37917654	1	1	45077600	1	45077600	1	12321769	29007846-DBB7-4DDD-A7D4-596370AC2A8E	2018-09-05
38070245	1	1	45226690	1	45226690	1	12322125	9F0DA6E6-E226-419C-91BF-38E0ABB7E911	2018-09-10
38072185	1	1	45228544	1	45228544	1	12322133	29007846-DBB7-4DDD-A7D4-596370AC2A8E	2018-09-11
38228522	1	1	45378607	1	45378607	1	12322447	720975FE-B865-4FCA-BFB6-F144E8A2F300	2018-09-17
38255631	1	1	45404311	1	45404311	1	12322512	0E8C39F9-5473-445B-AFA4-A229942F9E86	2018-09-18
37932230	1	1	45092506	1	45092506	1	12321947	0E8C39F9-5473-445B-AFA4-A229942F9E86	2018-09-05
38169468	1	1	45322839	1	45322839	1	12322355	0E8C39F9-5473-445B-AFA4-A229942F9E86	2018-09-14
38075960	1	1	45232338	1	45232338	1	12322153	3B0C66C3-113B-43FF-8610-EE6629FA4042	2018-09-11
38077095	1	1	45233494	1	45233494	1	12322177	29007846-DBB7-4DDD-A7D4-596370AC2A8E	2018-09-11
38076369	1	1	45232724	1	45232724	1	12322161	0E8C39F9-5473-445B-AFA4-A229942F9E86	2018-09-11
38271052	1	1	45419989	1	45419989	1	12322537	0E8C39F9-5473-445B-AFA4-A229942F9E86	2018-09-19
3662655	1	1	11101189	1	11101189	1	12322541	EDA04E71-D6B7-4B23-A301-42D91D1692DC	2018-09-19
38185854	1	1	45338331	1	45338331	1	12322414	0E8C39F9-5473-445B-AFA4-A229942F9E86	2018-09-15
37931490	1	1	45091812	1	45091812	1	12321942	0E8C39F9-5473-445B-AFA4-A229942F9E86	2018-09-05
37952289	1	1	45111600	1	45111600	1	12322000	0E8C39F9-5473-445B-AFA4-A229942F9E86	2018-09-06
38100113	1	1	45255410	1	45255410	1	12322227	29007846-DBB7-4DDD-A7D4-596370AC2A8E	2018-09-12
37907267	1	1	45067363	1	45067363	1	12321729	1164E1EE-5D86-46D1-A02D-7678973B7ADC	2018-09-04
267754	1	1	5088017	1	5088017	1	217960	D79EE3C5-9979-451F-A81C-6DB22FD79312	2018-09-17
1604379	1	1	9230053	1	9230053	1	260282	9C89C0D2-2AA4-428F-943F-5E5AD0768526	2018-09-21
1604379	1	1	9230053	1	9230053	1	12322520	9DCE0744-629A-4012-A2AF-BE896F56AC9D	2018-09-18
37996314	1	1	45154433	1	45154433	1	12322075	1164E1EE-5D86-46D1-A02D-7678973B7ADC	2018-09-08
37890732	1	1	45051836	1	45051836	1	12321666	1164E1EE-5D86-46D1-A02D-7678973B7ADC	2018-09-04
38315605	1	1	45466255	1	45466255	1	12322620	0E8C39F9-5473-445B-AFA4-A229942F9E86	2018-09-21
38362641	1	1	45510076	1	45510076	1	12322633	1164E1EE-5D86-46D1-A02D-7678973B7ADC	2018-09-23
38259425	1	1	45408447	1	45408447	1	12322518	0E8C39F9-5473-445B-AFA4-A229942F9E86	2018-09-18
38263712	1	1	45412359	1	45412359	1	12322528	0E8C39F9-5473-445B-AFA4-A229942F9E86	2018-09-19
38294259	1	1	45443561	1	45443561	1	12322581	0E8C39F9-5473-445B-AFA4-A229942F9E86	2018-09-20
38170279	1	1	45323649	1	45323649	1	12322385	720975FE-B865-4FCA-BFB6-F144E8A2F300	2018-09-14
38076295	1	1	45232666	1	45232666	1	12322160	29007846-DBB7-4DDD-A7D4-596370AC2A8E	2018-09-11
38287339	1	1	45435990	1	45435990	1	12322572	891970A4-5B33-4B69-A7D6-BCAF417D556F	2018-09-20
37889141	1	1	45050350	1	45050350	1	12321661	1164E1EE-5D86-46D1-A02D-7678973B7ADC	2018-09-04
38191433	1	1	45343886	1	45343886	1	12322420	0E8C39F9-5473-445B-AFA4-A229942F9E86	2018-09-15
38101309	1	1	45256563	1	45256563	1	12322231	29007846-DBB7-4DDD-A7D4-596370AC2A8E	2018-09-12
38181560	1	1	45334127	1	45334127	1	12322410	0E8C39F9-5473-445B-AFA4-A229942F9E86	2018-09-14
38333266	1	1	45482783	1	45482783	1	12322623	0E8C39F9-5473-445B-AFA4-A229942F9E86	2018-09-22
38185865	1	1	45338340	1	45338340	1	12322416	1164E1EE-5D86-46D1-A02D-7678973B7ADC	2018-09-15
38292558	1	1	45441653	1	45441653	1	12322578	1164E1EE-5D86-46D1-A02D-7678973B7ADC	2018-09-20
38098209	1	1	45253622	1	45253622	1	12322219	1164E1EE-5D86-46D1-A02D-7678973B7ADC	2018-09-11
38110870	1	1	45266109	1	45266109	1	12322294	1164E1EE-5D86-46D1-A02D-7678973B7ADC	2018-09-12
38362640	1	1	45510075	1	45510075	1	12322634	0E8C39F9-5473-445B-AFA4-A229942F9E86	2018-09-23
38238726	1	1	45388776	1	45388776	1	12322487	0E8C39F9-5473-445B-AFA4-A229942F9E86	2018-09-17
38305887	1	1	45457213	1	45457213	1	12322605	1164E1EE-5D86-46D1-A02D-7678973B7ADC	2018-09-21
38076376	1	1	45232731	1	45232731	1	12322162	0E8C39F9-5473-445B-AFA4-A229942F9E86	2018-09-11
38077001	1	1	45233385	1	45233385	1	12322171	720975FE-B865-4FCA-BFB6-F144E8A2F300	2018-09-11
38268587	1	1	45417470	1	45417470	1	12322535	0E8C39F9-5473-445B-AFA4-A229942F9E86	2018-09-19
38268589	1	1	45417472	1	45417472	1	12322536	1164E1EE-5D86-46D1-A02D-7678973B7ADC	2018-09-19
38079089	1	1	45235508	1	45235508	1	12322197	0E8C39F9-5473-445B-AFA4-A229942F9E86	2018-09-11
38068894	1	1	45225431	1	45225431	1	12322120	0E8C39F9-5473-445B-AFA4-A229942F9E86	2018-09-10
38206759	1	1	45357893	1	45357893	1	12322428	1164E1EE-5D86-46D1-A02D-7678973B7ADC	2018-09-16
38282439	1	1	45431345	1	45431345	1	12322555	2A59E862-BAEE-4705-A80A-BE55B9E2AB8D	2018-09-20
38284493	1	1	45433248	1	45433248	1	12322563	720975FE-B865-4FCA-BFB6-F144E8A2F300	2018-09-20
38179513	1	1	45332137	1	45332137	1	12322406	8FFA8D87-1EDC-44C9-B881-9ADC01576CE9	2018-09-14
37913053	1	1	45073142	1	45073142	1	12321744	0E8C39F9-5473-445B-AFA4-A229942F9E86	2018-09-04
37967144	1	1	45126327	1	45126327	1	12322038	720975FE-B865-4FCA-BFB6-F144E8A2F300	2018-09-07
37940233	1	1	45100434	1	45100434	1	12321971	720975FE-B865-4FCA-BFB6-F144E8A2F300	2018-09-06
37965631	1	1	45124957	1	45124957	1	12322024	720975FE-B865-4FCA-BFB6-F144E8A2F300	2018-09-07
37952285	1	1	45111596	1	45111596	1	12321999	0E8C39F9-5473-445B-AFA4-A229942F9E86	2018-09-06
37908834	1	1	45068828	1	45068828	1	12321735	0E8C39F9-5473-445B-AFA4-A229942F9E86	2018-09-04
38073208	1	1	45229538	1	45229538	1	12322138	29007846-DBB7-4DDD-A7D4-596370AC2A8E	2018-09-11
37917660	1	1	45077613	1	45077613	1	12321770	720975FE-B865-4FCA-BFB6-F144E8A2F300	2018-09-05
37930235	1	1	45090674	1	45090674	1	12321940	0E8C39F9-5473-445B-AFA4-A229942F9E86	2018-09-05
37930254	1	1	45090681	1	45090681	1	12321941	1164E1EE-5D86-46D1-A02D-7678973B7ADC	2018-09-05
37927529	1	1	45088125	1	45088125	1	12321931	0E8C39F9-5473-445B-AFA4-A229942F9E86	2018-09-05
37970671	1	1	45129612	1	45129612	1	12322050	0E8C39F9-5473-445B-AFA4-A229942F9E86	2018-09-07
37948277	1	1	45107759	1	45107759	1	12321991	1164E1EE-5D86-46D1-A02D-7678973B7ADC	2018-09-06
38065113	1	1	45221516	1	45221516	1	12322270	FCE5F9A0-DC3C-48E8-970D-3CABBE7F4FCC	2018-09-12
38065115	1	1	45221521	1	45221521	1	12322241	59A149A2-EBE2-4C20-AD6C-980D1FE4189C	2018-09-12
24036517	1	1	31009448	1	31009448	1	12321969	046F8E05-B745-4714-B5E1-3E3E6FCFCA8A	2018-09-06
24036517	1	1	31009448	1	31009448	1	12321970	103BAF3A-9229-4149-B22C-53964E1A4FCB	2018-09-06
269894	1	1	5119171	1	5119171	1	258688	EDA2DD38-9639-4318-BA79-AE88573299BA	2018-09-21
269894	1	1	5119171	1	5119171	1	253275	A3F04B6F-13BB-4F5A-BFD0-6FA4B1AC0A41	2018-09-18
24056346	1	1	31031292	1	31031292	1	12322083	282C1871-B79F-460F-872F-587E4D592269	2018-09-10
24056346	1	1	31031292	1	31031292	1	12322084	2BCAD40C-8AF5-46DC-BC97-58749C5B7172	2018-09-10
37894688	1	1	45055553	1	45055553	1	12321687	1164E1EE-5D86-46D1-A02D-7678973B7ADC	2018-09-04
38237111	1	1	45387016	1	45387016	1	12322484	1164E1EE-5D86-46D1-A02D-7678973B7ADC	2018-09-17
38103746	1	1	45259136	1	45259136	1	12322234	0E8C39F9-5473-445B-AFA4-A229942F9E86	2018-09-12
35817054	1	100001	43090147	1	43090147	1	12322439	9B1D250C-74FF-4662-B8A8-937ED25CB1E2	2018-09-17
38149706	1	1	45302788	1	45302788	1	12322328	1164E1EE-5D86-46D1-A02D-7678973B7ADC	2018-09-13
38054243	1	1	45210391	1	45210391	1	12322088	D4A58031-1E8A-4338-B402-13C9E4FAC9BA	2018-09-10
38305883	1	1	45457210	1	45457210	1	12322604	0E8C39F9-5473-445B-AFA4-A229942F9E86	2018-09-21
38133882	1	1	45287803	1	45287803	1	12322309	0E8C39F9-5473-445B-AFA4-A229942F9E86	2018-09-13
38186662	1	1	45339095	1	45339095	1	12322417	0E8C39F9-5473-445B-AFA4-A229942F9E86	2018-09-15
38308666	1	1	45459934	1	45459934	1	12322609	1164E1EE-5D86-46D1-A02D-7678973B7ADC	2018-09-21
38133886	1	1	45287805	1	45287805	1	12322308	1164E1EE-5D86-46D1-A02D-7678973B7ADC	2018-09-13
38278001	1	1	45427246	1	45427246	1	12322548	0E8C39F9-5473-445B-AFA4-A229942F9E86	2018-09-19
38145683	1	1	45298717	1	45298717	1	12322321	0E8C39F9-5473-445B-AFA4-A229942F9E86	2018-09-13
38233980	1	1	45383917	1	45383917	1	12322474	1164E1EE-5D86-46D1-A02D-7678973B7ADC	2018-09-17
38104686	1	1	45260070	1	45260070	1	12322249	38F6C960-3D04-43CA-9E05-B20691F7B0F9	2018-09-12
38282010	1	1	45430945	1	45430945	1	12322552	0E8C39F9-5473-445B-AFA4-A229942F9E86	2018-09-20
38185861	1	1	45338336	1	45338336	1	12322415	0E8C39F9-5473-445B-AFA4-A229942F9E86	2018-09-15
38105156	1	1	45260481	1	45260481	1	12322257	29007846-DBB7-4DDD-A7D4-596370AC2A8E	2018-09-12
38233970	1	1	45383908	1	45383908	1	12322472	0E8C39F9-5473-445B-AFA4-A229942F9E86	2018-09-17
38302925	1	1	45454077	1	45454077	1	12322598	29007846-DBB7-4DDD-A7D4-596370AC2A8E	2018-09-21
38266140	1	1	45414910	1	45414910	1	12322531	1164E1EE-5D86-46D1-A02D-7678973B7ADC	2018-09-19
38170155	1	1	45323519	1	45323519	1	12322369	720975FE-B865-4FCA-BFB6-F144E8A2F300	2018-09-14
38287092	1	1	45435745	1	45435745	1	12322569	0E8C39F9-5473-445B-AFA4-A229942F9E86	2018-09-20
38313185	1	1	45464055	1	45464055	1	12322616	1164E1EE-5D86-46D1-A02D-7678973B7ADC	2018-09-21
38221665	1	1	45372162	1	45372162	1	12322432	0E8C39F9-5473-445B-AFA4-A229942F9E86	2018-09-16
38221674	1	1	45372169	1	45372169	1	12322434	0E8C39F9-5473-445B-AFA4-A229942F9E86	2018-09-16
38226075	1	1	45376365	1	45376365	1	12322437	1164E1EE-5D86-46D1-A02D-7678973B7ADC	2018-09-17
38319415	1	1	45469701	1	45469701	1	12322621	0E8C39F9-5473-445B-AFA4-A229942F9E86	2018-09-21
38141096	1	1	45294414	1	45294414	1	12322318	29007846-DBB7-4DDD-A7D4-596370AC2A8E	2018-09-13
38284465	1	1	45433210	1	45433210	1	12322558	0E8C39F9-5473-445B-AFA4-A229942F9E86	2018-09-20
38284467	1	1	45433212	1	45433212	1	12322559	1164E1EE-5D86-46D1-A02D-7678973B7ADC	2018-09-20
38181568	1	1	45334133	1	45334133	1	12322412	0E8C39F9-5473-445B-AFA4-A229942F9E86	2018-09-14
37914760	1	1	45074802	1	45074802	1	12321752	0E8C39F9-5473-445B-AFA4-A229942F9E86	2018-09-04
37932226	1	1	45092502	1	45092502	1	12321945	0E8C39F9-5473-445B-AFA4-A229942F9E86	2018-09-05
37970665	1	1	45129606	1	45129606	1	12322049	0E8C39F9-5473-445B-AFA4-A229942F9E86	2018-09-07
3556953	1	1	10964953	1	10964953	1	12322351	E78604E8-2661-415A-9D0F-C14E545D41E1	2018-09-23
37969352	1	1	45128384	1	45128384	1	12322046	0E8C39F9-5473-445B-AFA4-A229942F9E86	2018-09-07
37970673	1	1	45129613	1	45129613	1	12322051	1164E1EE-5D86-46D1-A02D-7678973B7ADC	2018-09-07
38149705	1	1	45302787	1	45302787	1	12322327	0E8C39F9-5473-445B-AFA4-A229942F9E86	2018-09-13
38228517	1	1	45378604	1	45378604	1	12322446	720975FE-B865-4FCA-BFB6-F144E8A2F300	2018-09-17
38062577	1	1	45219039	1	45219039	1	12322099	29007846-DBB7-4DDD-A7D4-596370AC2A8E	2018-09-10
38108450	1	1	45263679	1	45263679	1	12322272	0E8C39F9-5473-445B-AFA4-A229942F9E86	2018-09-12
38336270	1	1	45485578	1	45485578	1	12322628	0E8C39F9-5473-445B-AFA4-A229942F9E86	2018-09-22
38294461	1	1	45443798	1	45443798	1	12322586	0E8C39F9-5473-445B-AFA4-A229942F9E86	2018-09-20
38077133	1	1	45233556	1	45233556	1	12322182	29007846-DBB7-4DDD-A7D4-596370AC2A8E	2018-09-11
37890727	1	1	45051831	1	45051831	1	12321664	0E8C39F9-5473-445B-AFA4-A229942F9E86	2018-09-04
38278010	1	1	45427254	1	45427254	1	12322550	1164E1EE-5D86-46D1-A02D-7678973B7ADC	2018-09-19
38246655	1	1	45396116	1	45396116	1	12322501	1164E1EE-5D86-46D1-A02D-7678973B7ADC	2018-09-18
38271059	1	1	45419993	1	45419993	1	12322539	0E8C39F9-5473-445B-AFA4-A229942F9E86	2018-09-19
38119698	1	1	45274559	1	45274559	1	12322301	0E8C39F9-5473-445B-AFA4-A229942F9E86	2018-09-12
38300904	1	1	45452079	1	45452079	1	12322594	0E8C39F9-5473-445B-AFA4-A229942F9E86	2018-09-21
23814118	1	1	30764806	1	30764806	1	12322489	BAE249A9-76C8-4E2D-AC60-DEB01A21131F	2018-09-17
38170125	1	1	45323484	1	45323484	1	12322365	720975FE-B865-4FCA-BFB6-F144E8A2F300	2018-09-14
38170300	1	1	45323668	1	45323668	1	12322388	29007846-DBB7-4DDD-A7D4-596370AC2A8E	2018-09-14
38060122	1	1	45216610	1	45216610	1	12322091	0E8C39F9-5473-445B-AFA4-A229942F9E86	2018-09-10
38062605	1	1	45219089	1	45219089	1	12322100	0E8C39F9-5473-445B-AFA4-A229942F9E86	2018-09-10
38251335	1	1	45400412	1	45400412	1	12322508	1164E1EE-5D86-46D1-A02D-7678973B7ADC	2018-09-18
38319416	1	1	45469702	1	45469702	1	12322622	1164E1EE-5D86-46D1-A02D-7678973B7ADC	2018-09-21
38237133	1	1	45387262	1	45387262	1	12322485	97C47F76-D0FF-4784-8B4E-788ED7EC8929	2018-09-17
38308652	1	1	45459919	1	45459919	1	12322607	0E8C39F9-5473-445B-AFA4-A229942F9E86	2018-09-21
38282013	1	1	45430948	1	45430948	1	12322553	1164E1EE-5D86-46D1-A02D-7678973B7ADC	2018-09-20
38073866	1	1	45230248	1	45230248	1	12322145	29007846-DBB7-4DDD-A7D4-596370AC2A8E	2018-09-11
38243368	1	1	45393103	1	45393103	1	12322495	29007846-DBB7-4DDD-A7D4-596370AC2A8E	2018-09-18
38076883	1	1	45233270	1	45233270	1	12322170	29007846-DBB7-4DDD-A7D4-596370AC2A8E	2018-09-11
38284461	1	1	45433204	1	45433204	1	12322562	29007846-DBB7-4DDD-A7D4-596370AC2A8E	2018-09-20
38103754	1	1	45259142	1	45259142	1	12322236	1164E1EE-5D86-46D1-A02D-7678973B7ADC	2018-09-12
38103939	1	1	45259342	1	45259342	1	12322239	29007846-DBB7-4DDD-A7D4-596370AC2A8E	2018-09-12
38303418	1	1	45454631	1	45454631	1	12322602	1164E1EE-5D86-46D1-A02D-7678973B7ADC	2018-09-21
38186670	1	1	45339101	1	45339101	1	12322418	0E8C39F9-5473-445B-AFA4-A229942F9E86	2018-09-15
38243862	1	1	45393563	1	45393563	1	12322497	0E8C39F9-5473-445B-AFA4-A229942F9E86	2018-09-18
38294287	1	1	45443600	1	45443600	1	12322584	0E8C39F9-5473-445B-AFA4-A229942F9E86	2018-09-20
38072429	1	1	45228798	1	45228798	1	12322134	720975FE-B865-4FCA-BFB6-F144E8A2F300	2018-09-11
38261769	1	1	45410577	1	45410577	1	12322525	720975FE-B865-4FCA-BFB6-F144E8A2F300	2018-09-19
38266136	1	1	45414906	1	45414906	1	12322529	0E8C39F9-5473-445B-AFA4-A229942F9E86	2018-09-19
38315598	1	1	45466249	1	45466249	1	12322618	0E8C39F9-5473-445B-AFA4-A229942F9E86	2018-09-21
38170687	1	1	45324025	1	45324025	1	12322392	29007846-DBB7-4DDD-A7D4-596370AC2A8E	2018-09-14
38063417	1	1	45219856	1	45219856	1	12322106	29007846-DBB7-4DDD-A7D4-596370AC2A8E	2018-09-10
37891919	1	1	45052948	1	45052948	1	12321670	0E8C39F9-5473-445B-AFA4-A229942F9E86	2018-09-04
38221677	1	1	45372173	1	45372173	1	12322433	1164E1EE-5D86-46D1-A02D-7678973B7ADC	2018-09-16
38292548	1	1	45441645	1	45441645	1	12322576	0E8C39F9-5473-445B-AFA4-A229942F9E86	2018-09-20
38041144	1	1	45197945	1	45197945	1	12322079	0E8C39F9-5473-445B-AFA4-A229942F9E86	2018-09-09
37977473	1	1	45136058	1	45136058	1	12322072	1164E1EE-5D86-46D1-A02D-7678973B7ADC	2018-09-07
37971642	1	1	45130660	1	45130660	1	12322053	0E8C39F9-5473-445B-AFA4-A229942F9E86	2018-09-07
38065493	1	1	45221877	1	45221877	1	12322110	0E8C39F9-5473-445B-AFA4-A229942F9E86	2018-09-10
37933049	1	1	45093324	1	45093324	1	12321948	0E8C39F9-5473-445B-AFA4-A229942F9E86	2018-09-05
37971645	1	1	45130663	1	45130663	1	12322054	1164E1EE-5D86-46D1-A02D-7678973B7ADC	2018-09-07
37916813	1	1	45076780	1	45076780	1	12321755	720975FE-B865-4FCA-BFB6-F144E8A2F300	2018-09-05
37918385	1	1	45078268	1	45078268	1	12321772	0E8C39F9-5473-445B-AFA4-A229942F9E86	2018-09-05
37908045	1	1	45068091	1	45068091	1	12321733	1164E1EE-5D86-46D1-A02D-7678973B7ADC	2018-09-04
37966551	1	1	45125747	1	45125747	1	12322030	29007846-DBB7-4DDD-A7D4-596370AC2A8E	2018-09-07
37967123	1	1	45126298	1	45126298	1	12322037	29007846-DBB7-4DDD-A7D4-596370AC2A8E	2018-09-07
37966849	1	1	45126049	1	45126049	1	12322034	1164E1EE-5D86-46D1-A02D-7678973B7ADC	2018-09-07
37912175	1	1	45072335	1	45072335	1	12321743	1164E1EE-5D86-46D1-A02D-7678973B7ADC	2018-09-04
38047399	1	1	45203695	1	45203695	1	12322082	F72A27B0-AE59-4208-9FD0-6B5E7004F4EF	2018-09-09
38050552	1	1	45206636	1	45206636	1	12322086	0E8C39F9-5473-445B-AFA4-A229942F9E86	2018-09-10
37921010	1	1	45080856	1	45080856	1	12321808	12345678-4321-8765-9087-109876541111	2018-09-05
37922481	1	1	45082613	1	45082613	1	12321851	12345678-4321-8765-9087-109876541111	2018-09-05
37901961	1	1	45062474	1	45062474	1	12321717	0E8C39F9-5473-445B-AFA4-A229942F9E86	2018-09-04
37960211	1	1	45119663	1	45119663	1	12322005	0E8C39F9-5473-445B-AFA4-A229942F9E86	2018-09-06
38149696	1	1	45302781	1	45302781	1	12322326	0E8C39F9-5473-445B-AFA4-A229942F9E86	2018-09-13
37924076	1	1	45084637	1	45084637	1	12321890	0E8C39F9-5473-445B-AFA4-A229942F9E86	2018-09-05
37913834	1	1	45073871	1	45073871	1	12321748	0E8C39F9-5473-445B-AFA4-A229942F9E86	2018-09-04
38065120	1	1	45221527	1	45221527	1	12322244	7EE79060-1350-4797-BC2D-5A4E071314F8	2018-09-12
38065121	1	1	45221528	1	45221528	1	12322263	038AE5C8-0505-4CB1-A1F8-8DA1CBB3C8F5	2018-09-12
37894267	1	1	45055169	1	45055169	1	12321685	720975FE-B865-4FCA-BFB6-F144E8A2F300	2018-09-04
38160300	1	1	45314097	1	45314097	1	12322341	0E8C39F9-5473-445B-AFA4-A229942F9E86	2018-09-13
38287096	1	1	45435749	1	45435749	1	12322570	0E8C39F9-5473-445B-AFA4-A229942F9E86	2018-09-20
38165640	1	1	45319262	1	45319262	1	12322348	0E8C39F9-5473-445B-AFA4-A229942F9E86	2018-09-13
38235092	1	1	45384941	1	45384941	1	12322476	0E8C39F9-5473-445B-AFA4-A229942F9E86	2018-09-17
38235094	1	1	45384943	1	45384943	1	12322478	1164E1EE-5D86-46D1-A02D-7678973B7ADC	2018-09-17
38077124	1	1	45233544	1	45233544	1	12322178	720975FE-B865-4FCA-BFB6-F144E8A2F300	2018-09-11
38294268	1	1	45443570	1	45443570	1	12322583	1164E1EE-5D86-46D1-A02D-7678973B7ADC	2018-09-20
38333279	1	1	45482794	1	45482794	1	12322625	1164E1EE-5D86-46D1-A02D-7678973B7ADC	2018-09-22
38295365	1	1	45445840	1	45445840	1	12322587	1164E1EE-5D86-46D1-A02D-7678973B7ADC	2018-09-20
38367106	1	1	45514111	1	45514111	1	12322637	0E8C39F9-5473-445B-AFA4-A229942F9E86	2018-09-23
38290100	1	1	45438907	1	45438907	1	12322574	0E8C39F9-5473-445B-AFA4-A229942F9E86	2018-09-20
37892989	1	1	45053950	1	45053950	1	12321676	29007846-DBB7-4DDD-A7D4-596370AC2A8E	2018-09-04
38230077	1	1	45380213	1	45380213	1	12322457	0E8C39F9-5473-445B-AFA4-A229942F9E86	2018-09-17
38268577	1	1	45417462	1	45417462	1	12322534	0E8C39F9-5473-445B-AFA4-A229942F9E86	2018-09-19
38275529	1	1	45424868	1	45424868	1	12322547	0E8C39F9-5473-445B-AFA4-A229942F9E86	2018-09-19
38232260	1	1	45382318	1	45382318	1	12322467	1164E1EE-5D86-46D1-A02D-7678973B7ADC	2018-09-17
38302988	1	1	45454164	1	45454164	1	12322599	720975FE-B865-4FCA-BFB6-F144E8A2F300	2018-09-21
38273322	1	1	45422295	1	45422295	1	12322542	0E8C39F9-5473-445B-AFA4-A229942F9E86	2018-09-19
38191444	1	1	45343897	1	45343897	1	12322421	1164E1EE-5D86-46D1-A02D-7678973B7ADC	2018-09-15
38298019	1	1	45448999	1	45448999	1	12322589	0E8C39F9-5473-445B-AFA4-A229942F9E86	2018-09-20
38261521	1	1	45410379	1	45410379	1	12322524	29007846-DBB7-4DDD-A7D4-596370AC2A8E	2018-09-19
38336250	1	1	45485552	1	45485552	1	12322627	0E8C39F9-5473-445B-AFA4-A229942F9E86	2018-09-22
38075532	1	1	45231923	1	45231923	1	12322146	0E8C39F9-5473-445B-AFA4-A229942F9E86	2018-09-11
38100070	1	1	45255370	1	45255370	1	12322224	720975FE-B865-4FCA-BFB6-F144E8A2F300	2018-09-12
38232258	1	1	45382316	1	45382316	1	12322466	0E8C39F9-5473-445B-AFA4-A229942F9E86	2018-09-17
38311021	1	1	45462084	1	45462084	1	12322613	0E8C39F9-5473-445B-AFA4-A229942F9E86	2018-09-21
38311023	1	1	45462086	1	45462086	1	12322612	1164E1EE-5D86-46D1-A02D-7678973B7ADC	2018-09-21
38181571	1	1	45334136	1	45334136	1	12322411	1164E1EE-5D86-46D1-A02D-7678973B7ADC	2018-09-14
38068902	1	1	45225437	1	45225437	1	12322121	0E8C39F9-5473-445B-AFA4-A229942F9E86	2018-09-10
38140761	1	1	45294127	1	45294127	1	12322313	0E8C39F9-5473-445B-AFA4-A229942F9E86	2018-09-13
37936602	1	1	45096987	1	45096987	1	12321960	1164E1EE-5D86-46D1-A02D-7678973B7ADC	2018-09-05
37938506	1	1	45098789	1	45098789	1	12321968	0E8C39F9-5473-445B-AFA4-A229942F9E86	2018-09-05
37186223	1	1	44376396	1	44376396	1	12321725	9B035CC0-6630-409B-9A85-D5632C582E46	2018-09-04
38177807	1	1	45330559	1	45330559	1	12322402	0E8C39F9-5473-445B-AFA4-A229942F9E86	2018-09-14
37928414	1	1	45088946	1	45088946	1	12321935	1164E1EE-5D86-46D1-A02D-7678973B7ADC	2018-09-05
37934463	1	1	45095028	1	45095028	1	12321951	0E8C39F9-5473-445B-AFA4-A229942F9E86	2018-09-05
1859812	1	1	9698478	1	9698478	1	12322130	09FEC814-F21F-4F31-834D-93339134EB3E	2018-09-11
37487344	1	1	44676132	1	44676132	1	12321958	19C514DF-DCE2-41C3-8F58-D4F674F4B99D	2018-09-05
37900190	1	1	45060838	1	45060838	1	12321992	C8C388E0-9FD8-4CE1-97A9-7A981BC512A3	2018-09-06
37901962	1	1	45062475	1	45062475	1	12321718	1164E1EE-5D86-46D1-A02D-7678973B7ADC	2018-09-04
37976215	1	1	45134907	1	45134907	1	12322068	0E8C39F9-5473-445B-AFA4-A229942F9E86	2018-09-07
37931501	1	1	45091820	1	45091820	1	12321943	1164E1EE-5D86-46D1-A02D-7678973B7ADC	2018-09-05
38073544	1	1	45229882	1	45229882	1	12322139	720975FE-B865-4FCA-BFB6-F144E8A2F300	2018-09-11
37897374	1	1	45058079	1	45058079	1	12321703	720975FE-B865-4FCA-BFB6-F144E8A2F300	2018-09-04
38171719	1	1	45325012	1	45325012	1	12322396	0E8C39F9-5473-445B-AFA4-A229942F9E86	2018-09-14
1264781	1	4	45228337	1	7585053	4	12322331	A1C6D7C3-7142-4FEE-9813-FE0C4E46FCA4	2018-09-13
38105955	1	1	45261237	1	45261237	1	12322266	1164E1EE-5D86-46D1-A02D-7678973B7ADC	2018-09-12
37926212	1	1	45086925	1	45086925	1	12321927	0E8C39F9-5473-445B-AFA4-A229942F9E86	2018-09-05
37899593	1	1	45060270	1	45060270	1	12321714	0E8C39F9-5473-445B-AFA4-A229942F9E86	2018-09-04
37941378	1	1	45101499	1	45101499	1	12321980	1164E1EE-5D86-46D1-A02D-7678973B7ADC	2018-09-06
37941496	1	1	45101616	1	45101616	1	12321984	0E8C39F9-5473-445B-AFA4-A229942F9E86	2018-09-06
37936601	1	1	45096986	1	45096986	1	12321961	0E8C39F9-5473-445B-AFA4-A229942F9E86	2018-09-05
38157003	1	1	45309869	1	45309869	1	12322338	0E8C39F9-5473-445B-AFA4-A229942F9E86	2018-09-13
37913835	1	1	45073872	1	45073872	1	12321749	1164E1EE-5D86-46D1-A02D-7678973B7ADC	2018-09-04
38110061	1	1	45265245	1	45265245	1	12322606	DC24555D-4580-4EB3-90BB-7E4D6625740B	2018-09-21
38110062	1	1	45265248	1	45265248	1	12322290	5FB493AA-CD25-4CB4-AA45-9A8B75F92AE8	2018-09-12
37949374	1	1	45108951	1	45108951	1	12321996	29007846-DBB7-4DDD-A7D4-596370AC2A8E	2018-09-06
37917142	1	1	45077097	1	45077097	1	12321758	1164E1EE-5D86-46D1-A02D-7678973B7ADC	2018-09-05
38088417	1	1	45244740	1	45244740	1	12322212	0E8C39F9-5473-445B-AFA4-A229942F9E86	2018-09-11
37927530	1	1	45088126	1	45088126	1	12321932	1164E1EE-5D86-46D1-A02D-7678973B7ADC	2018-09-05
37948079	1	1	45107583	1	45107583	1	12321987	29007846-DBB7-4DDD-A7D4-596370AC2A8E	2018-09-06
37935675	1	1	45096135	1	45096135	1	12321955	0E8C39F9-5473-445B-AFA4-A229942F9E86	2018-09-05
37965761	1	1	45125029	1	45125029	1	12322025	0E8C39F9-5473-445B-AFA4-A229942F9E86	2018-09-07
1680973	1	1	9497276	1	9497276	1	259190	2CB70F87-7DD3-4199-8487-B48BF5CB2F7D	2018-09-13
24052567	1	1	31026811	1	31026811	1	12321975	B30DFEC2-4F5E-4176-B1D2-3327E608C4D8	2018-09-06
24140312	1	1	31126013	1	31126013	1	12321682	92DADB22-DFAE-4E49-803C-FD91221416D0	2018-09-04
38251321	1	1	45400400	1	45400400	1	12322507	0E8C39F9-5473-445B-AFA4-A229942F9E86	2018-09-18
36851814	1	1	44040673	1	44040673	1	12322200	75FBFEA7-91D2-4829-8F57-B1A383E652C1	2018-09-11
38065276	1	1	45221729	1	45221729	1	12322108	0D47122F-2A47-4B7E-ADD6-24323A7DD3D2	2018-09-10
37895580	1	1	45056390	1	45056390	1	12321694	720975FE-B865-4FCA-BFB6-F144E8A2F300	2018-09-04
38336229	1	1	45485517	1	45485517	1	12322626	0E8C39F9-5473-445B-AFA4-A229942F9E86	2018-09-22
38206750	1	1	45357885	1	45357885	1	12322427	0E8C39F9-5473-445B-AFA4-A229942F9E86	2018-09-16
38170762	1	1	45324126	1	45324126	1	12322393	720975FE-B865-4FCA-BFB6-F144E8A2F300	2018-09-14
38179604	1	1	45332229	1	45332229	1	12322407	0E8C39F9-5473-445B-AFA4-A229942F9E86	2018-09-14
24357656	1	1	31369196	1	31369196	1	12322135	63CFF298-48A3-44C7-9898-2EC29ABBBDB7	2018-09-11
25009382	1	1	32055763	1	32055763	1	12322217	0BB34AA0-59B9-4B78-9F17-1975726C8E5E	2018-09-11
38081636	1	1	45238038	1	45238038	1	12322201	0E8C39F9-5473-445B-AFA4-A229942F9E86	2018-09-11
38191442	1	1	45343895	1	45343895	1	12322422	0E8C39F9-5473-445B-AFA4-A229942F9E86	2018-09-15
38241548	1	1	45391375	1	45391375	1	12322492	1164E1EE-5D86-46D1-A02D-7678973B7ADC	2018-09-17
38098201	1	1	45253616	1	45253616	1	12322218	0E8C39F9-5473-445B-AFA4-A229942F9E86	2018-09-11
38294266	1	1	45443568	1	45443568	1	12322582	0E8C39F9-5473-445B-AFA4-A229942F9E86	2018-09-20
38248616	1	1	45397928	1	45397928	1	12322503	0E8C39F9-5473-445B-AFA4-A229942F9E86	2018-09-18
35860895	1	1	43128225	1	43128225	1	12322469	3CB3B6E4-DCC6-4BAC-82CF-88ECF72F9DE5	2018-09-17
38237107	1	1	45387013	1	45387013	1	12322483	0E8C39F9-5473-445B-AFA4-A229942F9E86	2018-09-17
38238718	1	1	45388768	1	45388768	1	12322486	0E8C39F9-5473-445B-AFA4-A229942F9E86	2018-09-17
38163731	1	1	45317356	1	45317356	1	12322345	0E8C39F9-5473-445B-AFA4-A229942F9E86	2018-09-13
38286354	1	1	45435046	1	45435046	1	12322567	29007846-DBB7-4DDD-A7D4-596370AC2A8E	2018-09-20
38282442	1	1	45431350	1	45431350	1	12322554	D41D7B8D-7AE1-4181-9616-64F7F6F04865	2018-09-20
38103954	1	1	45259362	1	45259362	1	12322240	720975FE-B865-4FCA-BFB6-F144E8A2F300	2018-09-12
1247895	1	64	7879036	1	439676	64	23616	ADD32093-74F3-4114-97D6-70C74AFCAB37	2018-09-16